4PP,Woonplaats,Alternatieve schrijfwijzen,Gemeente,Provincie,Netnummer,Latitude,Longitude,Soort
1000,Amsterdam,,Amsterdam,Noord-Holland,020,52.35000000,4.91666700,Postbus
1001,Amsterdam,,Amsterdam,Noord-Holland,020,52.35000000,4.91666700,Postbus
1002,Amsterdam,,Amsterdam,Noord-Holland,020,52.35000000,4.91666700,Onbekend
1003,Amsterdam,,Amsterdam,Noord-Holland,020,52.35000000,4.91666700,Onbekend
1005,Amsterdam,,Amsterdam,Noord-Holland,020,52.35000000,4.91666700,Postbus
1006,Amsterdam,,Amsterdam,Noord-Holland,020,52.35000000,4.91666700,Postbus
1007,Amsterdam,,Amsterdam,Noord-Holland,020,52.35000000,4.91666700,Postbus
1008,Amsterdam,,Amsterdam,Noord-Holland,020,52.35000000,4.91666700,Postbus
1009,Amsterdam,,Amsterdam,Noord-Holland,020,52.35000000,4.91666700,Postbus
1011,Amsterdam,,Amsterdam,Noord-Holland,020,52.35000000,4.91666700,Adres
1012,Amsterdam,,Amsterdam,Noord-Holland,020,52.35000000,4.91666700,Adres
1013,Amsterdam,,Amsterdam,Noord-Holland,020,52.35000000,4.91666700,Adres
1014,Amsterdam,,Amsterdam,Noord-Holland,020,52.35000000,4.91666700,Adres
1015,Amsterdam,,Amsterdam,Noord-Holland,020,52.35000000,4.91666700,Adres
1016,Amsterdam,,Amsterdam,Noord-Holland,020,52.35000000,4.91666700,Adres
1017,Amsterdam,,Amsterdam,Noord-Holland,020,52.35000000,4.91666700,Adres
1018,Amsterdam,,Amsterdam,Noord-Holland,020,52.35000000,4.91666700,Adres
1019,Amsterdam,,Amsterdam,Noord-Holland,020,52.35000000,4.91666700,Adres
1020,Amsterdam,,Amsterdam,Noord-Holland,020,52.35000000,4.91666700,Postbus
1021,Amsterdam,,Amsterdam,Noord-Holland,020,52.35000000,4.91666700,Adres
1022,Amsterdam,,Amsterdam,Noord-Holland,020,52.35000000,4.91666700,Adres
1023,Amsterdam,,Amsterdam,Noord-Holland,020,52.35000000,4.91666700,Adres
1024,Amsterdam,,Amsterdam,Noord-Holland,020,52.35000000,4.91666700,Adres
1025,Amsterdam,,Amsterdam,Noord-Holland,020,52.35000000,4.91666700,Adres
1026,Amsterdam,,Amsterdam,Noord-Holland,020,52.35000000,4.91666700,Adres
1027,Amsterdam,,Amsterdam,Noord-Holland,020,52.35000000,4.91666700,Adres
1028,Amsterdam,,Amsterdam,Noord-Holland,020,52.35000000,4.91666700,Adres
1030,Amsterdam,,Amsterdam,Noord-Holland,020,52.35000000,4.91666700,Postbus
1031,Amsterdam,,Amsterdam,Noord-Holland,020,52.35000000,4.91666700,Adres
1032,Amsterdam,,Amsterdam,Noord-Holland,020,52.35000000,4.91666700,Adres
1033,Amsterdam,,Amsterdam,Noord-Holland,020,52.35000000,4.91666700,Adres
1034,Amsterdam,,Amsterdam,Noord-Holland,020,52.35000000,4.91666700,Adres
1035,Amsterdam,,Amsterdam,Noord-Holland,020,52.35000000,4.91666700,Adres
1036,Amsterdam,,Amsterdam,Noord-Holland,020,52.35000000,4.91666700,Adres
1037,Amsterdam,,Amsterdam,Noord-Holland,020,52.35000000,4.91666700,Adres
1040,Amsterdam,,Amsterdam,Noord-Holland,020,52.35000000,4.91666700,Postbus
1041,Amsterdam,,Amsterdam,Noord-Holland,020,52.35000000,4.91666700,Adres
1042,Amsterdam,,Amsterdam,Noord-Holland,020,52.35000000,4.91666700,Adres
1043,Amsterdam,,Amsterdam,Noord-Holland,020,52.35000000,4.91666700,Adres
1044,Amsterdam,,Amsterdam,Noord-Holland,020,52.35000000,4.91666700,Adres
1045,Amsterdam,,Amsterdam,Noord-Holland,020,52.35000000,4.91666700,Adres
1046,Amsterdam,,Amsterdam,Noord-Holland,020,52.35000000,4.91666700,Adres
1047,Amsterdam,,Amsterdam,Noord-Holland,020,52.35000000,4.91666700,Adres
1051,Amsterdam,,Amsterdam,Noord-Holland,020,52.35000000,4.91666700,Adres
1052,Amsterdam,,Amsterdam,Noord-Holland,020,52.35000000,4.91666700,Adres
1053,Amsterdam,,Amsterdam,Noord-Holland,020,52.35000000,4.91666700,Adres
1054,Amsterdam,,Amsterdam,Noord-Holland,020,52.35000000,4.91666700,Adres
1055,Amsterdam,,Amsterdam,Noord-Holland,020,52.35000000,4.91666700,Adres
1056,Amsterdam,,Amsterdam,Noord-Holland,020,52.35000000,4.91666700,Adres
1057,Amsterdam,,Amsterdam,Noord-Holland,020,52.35000000,4.91666700,Adres
1058,Amsterdam,,Amsterdam,Noord-Holland,020,52.35000000,4.91666700,Adres
1059,Amsterdam,,Amsterdam,Noord-Holland,020,52.35000000,4.91666700,Adres
1060,Amsterdam,,Amsterdam,Noord-Holland,020,52.35000000,4.91666700,Adres + Postbus
1061,Amsterdam,,Amsterdam,Noord-Holland,020,52.35000000,4.91666700,Adres
1062,Amsterdam,,Amsterdam,Noord-Holland,020,52.35000000,4.91666700,Adres
1063,Amsterdam,,Amsterdam,Noord-Holland,020,52.35000000,4.91666700,Adres
1064,Amsterdam,,Amsterdam,Noord-Holland,020,52.35000000,4.91666700,Adres
1065,Amsterdam,,Amsterdam,Noord-Holland,020,52.35000000,4.91666700,Adres
1066,Amsterdam,,Amsterdam,Noord-Holland,020,52.35000000,4.91666700,Adres
1067,Amsterdam,,Amsterdam,Noord-Holland,020,52.35000000,4.91666700,Adres
1068,Amsterdam,,Amsterdam,Noord-Holland,020,52.36389000,4.80048000,Adres
1069,Amsterdam,,Amsterdam,Noord-Holland,020,52.36304000,4.79486000,Adres
1070,Amsterdam,,Amsterdam,Noord-Holland,020,52.35000000,4.91666700,Postbus
1071,Amsterdam,,Amsterdam,Noord-Holland,020,52.36141700,4.87804500,Adres
1072,Amsterdam,,Amsterdam,Noord-Holland,020,52.35784600,4.89080700,Adres
1073,Amsterdam,,Amsterdam,Noord-Holland,020,52.35784000,4.89285000,Adres
1074,Amsterdam,,Amsterdam,Noord-Holland,020,52.35770400,4.89936800,Adres
1075,Amsterdam,,Amsterdam,Noord-Holland,020,52.35506000,4.86434000,Adres
1076,Amsterdam,,Amsterdam,Noord-Holland,020,52.35000000,4.91666700,Adres
1077,Amsterdam,,Amsterdam,Noord-Holland,020,52.35000000,4.91666700,Adres
1078,Amsterdam,,Amsterdam,Noord-Holland,020,52.35000000,4.91666700,Adres
1079,Amsterdam,,Amsterdam,Noord-Holland,020,52.35000000,4.91666700,Adres
1080,Amsterdam,,Amsterdam,Noord-Holland,020,52.35000000,4.91666700,Postbus
1081,Amsterdam,,Amsterdam,Noord-Holland,020,52.35000000,4.91666700,Adres
1082,Amsterdam,,Amsterdam,Noord-Holland,020,52.35000000,4.91666700,Adres
1083,Amsterdam,,Amsterdam,Noord-Holland,020,52.35000000,4.91666700,Adres
1086,Amsterdam,,Amsterdam,Noord-Holland,020,52.35000000,4.91666700,Adres
1087,Amsterdam,,Amsterdam,Noord-Holland,020,52.35000000,4.91666700,Adres
1090,Amsterdam,,Amsterdam,Noord-Holland,020,52.35000000,4.91666700,Postbus
1091,Amsterdam,,Amsterdam,Noord-Holland,020,52.35000000,4.91666700,Adres
1092,Amsterdam,,Amsterdam,Noord-Holland,020,52.35000000,4.91666700,Adres
1093,Amsterdam,,Amsterdam,Noord-Holland,020,52.35000000,4.91666700,Adres
1094,Amsterdam,,Amsterdam,Noord-Holland,020,52.35000000,4.91666700,Adres
1095,Amsterdam,,Amsterdam,Noord-Holland,020,52.35000000,4.91666700,Adres
1096,Amsterdam,,Amsterdam,Noord-Holland,020,52.35000000,4.91666700,Adres
1097,Amsterdam,,Amsterdam,Noord-Holland,020,52.35000000,4.91666700,Adres
1098,Amsterdam,,Amsterdam,Noord-Holland,020,52.35000000,4.91666700,Adres
1099,Amsterdam,,Amsterdam,Noord-Holland,020,52.35000000,4.91666700,Adres
1100,Amsterdam-Zuidoost,Amsterdam Zuidoost,Amsterdam,Noord-Holland,020,52.31578000,4.95374000,Postbus
1101,Amsterdam-Zuidoost,Amsterdam Zuidoost,Amsterdam,Noord-Holland,020,52.31578000,4.95374000,Adres
1102,Amsterdam-Zuidoost,Amsterdam Zuidoost,Amsterdam,Noord-Holland,020,52.31578000,4.95374000,Adres
1103,Amsterdam-Zuidoost,Amsterdam Zuidoost,Amsterdam,Noord-Holland,020,52.35000000,4.91666700,Adres
1104,Amsterdam-Zuidoost,Amsterdam Zuidoost,Amsterdam,Noord-Holland,020,52.31578000,4.95374000,Adres
1105,Amsterdam-Zuidoost,Amsterdam Zuidoost,Amsterdam,Noord-Holland,020,52.31578000,4.95374000,Adres
1106,Amsterdam-Zuidoost,Amsterdam Zuidoost,Amsterdam,Noord-Holland,020,52.31578000,4.95374000,Adres
1107,Amsterdam-Zuidoost,Amsterdam Zuidoost,Amsterdam,Noord-Holland,020,52.31578000,4.95374000,Adres
1108,Amsterdam-Zuidoost,Amsterdam Zuidoost,Amsterdam,Noord-Holland,020,52.31578000,4.95374000,Adres
1109,Amsterdam-Zuidoost,Amsterdam Zuidoost,Amsterdam,Noord-Holland,020,52.31578000,4.95374000,Adres
1110,Diemen,,Diemen,Noord-Holland,020,52.33333300,4.98333300,Postbus
1111,Diemen,,Diemen,Noord-Holland,020,52.33333300,4.98333300,Adres
1112,Diemen,,Diemen,Noord-Holland,020,52.33333300,4.98333300,Adres
1113,Diemen,,Diemen,Noord-Holland,020,52.33333300,4.98333300,Adres
1115,Duivendrecht,,Ouder-Amstel,Noord-Holland,020,52.33333300,4.91666700,Adres + Postbus
1117,Schiphol,,Haarlemmermeer,Noord-Holland,020,52.30000000,4.75000000,Adres + Postbus
1118,Luchthaven Schiphol,LUCHTH SCHIPHOL,Haarlemmermeer,Noord-Holland,020,52.30600000,4.76139300,Adres + Postbus
1119,Schiphol-Rijk,SCHIPHOL RYK,Haarlemmermeer,Noord-Holland,020,52.27992800,4.75690800,Adres
1120,Landsmeer,,Landsmeer,Noord-Holland,020,52.43333300,4.91666700,Postbus
1121,Landsmeer,,Landsmeer,Noord-Holland,020,52.43333300,4.91666700,Adres
1127,Den Ilp,,Landsmeer,Noord-Holland,020,52.45000000,4.91666700,Adres
1130,Volendam,,Edam-Volendam,Noord-Holland,0299,52.50000000,5.06666700,Postbus
1131,Volendam,,Edam-Volendam,Noord-Holland,0299,52.50000000,5.06666700,Adres
1132,Volendam,,Edam-Volendam,Noord-Holland,0299,52.50000000,5.06666700,Adres
1135,Edam,,Edam-Volendam,Noord-Holland,0299,52.51666700,5.05000000,Adres + Postbus
1140,Monnickendam,,Waterland,Noord-Holland,0299,52.46666700,5.03333300,Postbus
1141,Monnickendam,,Waterland,Noord-Holland,0299,52.46666700,5.03333300,Adres
1145,Katwoude,,Waterland,Noord-Holland,0299,52.46666700,5.05000000,Adres
1150,Broek in Waterland,,Waterland,Noord-Holland,020,52.43333300,5.00000000,Postbus
1151,Broek in Waterland,,Waterland,Noord-Holland,020,52.43333300,5.00000000,Adres
1153,Zuiderwoude,,Waterland,Noord-Holland,020,52.43333300,5.03333300,Adres
1154,Uitdam,,Waterland,Noord-Holland,020,52.41666700,5.06666700,Adres
1156,Marken,,Waterland,Noord-Holland,0299,52.45000000,5.11666700,Adres
1160,Zwanenburg,,Haarlemmermeer,Noord-Holland,020,52.38333300,4.75000000,Postbus
1161,Zwanenburg,,Haarlemmermeer,Noord-Holland,020,52.38333300,4.75000000,Adres
1165,Halfweg,,Haarlemmerliede en Spaarnwoude,Noord-Holland,020,52.38333300,4.75000000,Adres
1170,Badhoevedorp,,Haarlemmermeer,Noord-Holland,020,52.33333300,4.78333300,Postbus
1171,Badhoevedorp,,Haarlemmermeer,Noord-Holland,020,52.33333300,4.78333300,Adres
1175,Lijnden,LYNDEN,Haarlemmermeer,Noord-Holland,023,52.35000000,4.75000000,Adres
1180,Amstelveen,,Amstelveen,Noord-Holland,020,52.30000000,4.86666700,Postbus
1181,Amstelveen,,Amstelveen,Noord-Holland,020,52.30000000,4.86666700,Adres
1182,Amstelveen,,Amstelveen,Noord-Holland,020,52.30000000,4.86666700,Adres
1183,Amstelveen,,Amstelveen,Noord-Holland,020,52.30000000,4.86666700,Adres
1184,Amstelveen,,Amstelveen,Noord-Holland,020,52.30000000,4.86666700,Adres
1185,Amstelveen,,Amstelveen,Noord-Holland,020,52.30000000,4.86666700,Adres
1186,Amstelveen,,Amstelveen,Noord-Holland,020,52.30000000,4.86666700,Adres
1187,Amstelveen,,Amstelveen,Noord-Holland,020,52.30000000,4.86666700,Adres
1188,Amstelveen,,Amstelveen,Noord-Holland,020,52.30000000,4.86666700,Adres
1189,Amstelveen,,Amstelveen,Noord-Holland,020,52.30000000,4.86666700,Adres
1190,Ouderkerk aan de Amstel,OUDERKERK AMSTEL,Ouder-Amstel,Noord-Holland,020,52.30000000,4.90000000,Postbus
1191,Ouderkerk aan de Amstel,OUDERKERK AMSTEL,Ouder-Amstel,Noord-Holland,020,52.30000000,4.90000000,Adres
1200,Hilversum,,Hilversum,Noord-Holland,035,52.23333300,5.18333300,Postbus
1201,Hilversum,,Hilversum,Noord-Holland,035,52.23333300,5.18333300,Postbus
1202,Hilversum,,Hilversum,Noord-Holland,035,52.23333300,5.18333300,Postbus
1211,Hilversum,,Hilversum,Noord-Holland,035,52.23333300,5.18333300,Adres
1212,Hilversum,,Hilversum,Noord-Holland,035,52.23333300,5.18333300,Adres
1213,Hilversum,,Hilversum,Noord-Holland,035,52.23333300,5.18333300,Adres
1214,Hilversum,,Hilversum,Noord-Holland,035,52.23333300,5.18333300,Adres
1215,Hilversum,,Hilversum,Noord-Holland,035,52.23333300,5.18333300,Adres
1216,Hilversum,,Hilversum,Noord-Holland,035,52.23333300,5.18333300,Adres
1217,Hilversum,,Hilversum,Noord-Holland,035,52.23333300,5.18333300,Adres
1218,Hilversum,,Hilversum,Noord-Holland,035,52.23333300,5.18333300,Adres
1221,Hilversum,,Hilversum,Noord-Holland,035,52.23333300,5.18333300,Adres
1222,Hilversum,,Hilversum,Noord-Holland,035,52.23333300,5.18333300,Adres
1223,Hilversum,,Hilversum,Noord-Holland,035,52.23333300,5.18333300,Adres
1230,Loosdrecht,,Wijdemeren,Noord-Holland,035,52.21666700,5.06666700,Postbus
1231,Loosdrecht,,Wijdemeren,Noord-Holland,035,52.21666700,5.06666700,Adres
1240,Kortenhoef,,Wijdemeren,Noord-Holland,035,52.23333300,5.08333300,Postbus
1241,Kortenhoef,,Wijdemeren,Noord-Holland,035,52.23333300,5.08333300,Adres
1243,'s-Graveland,S GRAVELAND,Wijdemeren,Noord-Holland,035,52.24362800,5.12194600,Adres + Postbus
1244,Ankeveen,,Wijdemeren,Noord-Holland,035,52.26666700,5.10000000,Adres
1250,Laren,,Laren,Noord-Holland,035,52.25000000,5.23333300,Postbus
1251,Laren,,Laren,Noord-Holland,035,52.25000000,5.23333300,Adres
1252,Laren,,Laren,Noord-Holland,035,52.25000000,5.23333300,Adres
1260,Blaricum,,Blaricum,Noord-Holland,035,52.28333300,5.25000000,Adres + Postbus
1261,Blaricum,,Blaricum,Noord-Holland,035,52.28333300,5.25000000,Adres
1270,Huizen,,Huizen,Noord-Holland,035,52.29944440,5.25305556,Postbus
1271,Huizen,,Huizen,Noord-Holland,035,52.29944440,5.25305556,Adres
1272,Huizen,,Huizen,Noord-Holland,035,52.29944440,5.25305556,Adres
1273,Huizen,,Huizen,Noord-Holland,035,52.29944440,5.25305556,Adres
1274,Huizen,,Huizen,Noord-Holland,035,52.29944440,5.25305556,Adres
1275,Huizen,,Huizen,Noord-Holland,035,52.29944440,5.25305556,Adres
1276,Huizen,,Huizen,Noord-Holland,035,52.29944440,5.25305556,Adres
1277,Huizen,,Huizen,Noord-Holland,035,52.29944440,5.25305556,Adres
1300,Almere,,Almere,Flevoland,036,52.36666667,5.21666667,Postbus
1301,Almere,,Almere,Flevoland,036,52.36666667,5.21666667,Postbus
1302,Almere,,Almere,Flevoland,036,52.36666667,5.21666667,Adres + Postbus
1303,Almere,,Almere,Flevoland,036,52.36666667,5.21666667,Postbus
1305,Almere,,Almere,Flevoland,036,52.36666667,5.21666667,Postbus
1309,Almere,,Almere,Flevoland,036,52.36666667,5.21666667,Adres
1311,Almere,,Almere,Flevoland,036,52.36666667,5.21666667,Adres
1312,Almere,,Almere,Flevoland,036,52.36666667,5.21666667,Adres
1313,Almere,,Almere,Flevoland,036,52.36666667,5.21666667,Adres
1314,Almere,,Almere,Flevoland,036,52.36666667,5.21666667,Adres
1315,Almere,,Almere,Flevoland,036,52.36666667,5.21666667,Adres
1316,Almere,,Almere,Flevoland,036,52.36666667,5.21666667,Adres
1317,Almere,,Almere,Flevoland,036,52.36666667,5.21666667,Adres
1318,Almere,,Almere,Flevoland,036,52.36666667,5.21666667,Adres
1319,Almere,,Almere,Flevoland,036,52.36666667,5.21666667,Adres
1320,Almere,,Almere,Flevoland,036,52.36666667,5.21666667,Postbus
1321,Almere,,Almere,Flevoland,036,52.36666667,5.21666667,Adres
1322,Almere,,Almere,Flevoland,036,52.36666667,5.21666667,Adres
1323,Almere,,Almere,Flevoland,036,52.36666667,5.21666667,Adres
1324,Almere,,Almere,Flevoland,036,52.36666667,5.21666667,Adres
1325,Almere,,Almere,Flevoland,036,52.36666667,5.21666667,Adres
1326,Almere,,Almere,Flevoland,036,52.36666667,5.21666667,Adres
1327,Almere,,Almere,Flevoland,036,52.36666667,5.21666667,Adres
1328,Almere,,Almere,Flevoland,036,52.36666667,5.21666667,Adres
1329,Almere,,Almere,Flevoland,036,52.36666667,5.21666667,Adres
1331,Almere,,Almere,Flevoland,036,52.36666667,5.21666667,Adres
1332,Almere,,Almere,Flevoland,036,52.36666667,5.21666667,Adres
1333,Almere,,Almere,Flevoland,036,52.36666667,5.21666667,Adres
1334,Almere,,Almere,Flevoland,036,52.36666667,5.21666667,Adres
1335,Almere,,Almere,Flevoland,036,52.36666667,5.21666667,Adres
1336,Almere,,Almere,Flevoland,036,52.36666667,5.21666667,Adres
1338,Almere,,Almere,Flevoland,036,52.36666667,5.21666667,Adres
1339,Almere,,Almere,Flevoland,036,52.36666667,5.21666667,Adres
1341,Almere,,Almere,Flevoland,036,52.36666667,5.21666667,Adres
1343,Almere,,Almere,Flevoland,036,52.36666667,5.21666667,Adres
1349,Almere,,Almere,Flevoland,036,52.36666667,5.21666667,Adres
1351,Almere,,Almere,Flevoland,036,52.36666667,5.21666667,Adres
1352,Almere,,Almere,Flevoland,036,52.36666667,5.21666667,Adres
1353,Almere,,Almere,Flevoland,036,52.36666667,5.21666667,Adres
1354,Almere,,Almere,Flevoland,036,52.36666667,5.21666667,Adres
1355,Almere,,Almere,Flevoland,036,52.36666667,5.21666667,Adres
1356,Almere,,Almere,Flevoland,036,52.36666667,5.21666667,Adres
1357,Almere,,Almere,Flevoland,036,52.36666667,5.21666667,Adres
1358,Almere,,Almere,Flevoland,036,52.36666667,5.21666667,Adres
1359,Almere,,Almere,Flevoland,036,52.36666667,5.21666667,Adres
1361,Almere,,Almere,Flevoland,036,52.36666667,5.21666667,Adres
1362,Almere,,Almere,Flevoland,036,52.36666667,5.21666667,Adres
1363,Almere,,Almere,Flevoland,036,52.34655800,5.14875200,Adres
1380,Weesp,,Weesp,Noord-Holland,0294,52.31666700,5.03333300,Postbus
1381,Weesp,,Weesp,Noord-Holland,0294,52.31666700,5.03333300,Adres
1382,Weesp,,Weesp,Noord-Holland,0294,52.31666700,5.03333300,Adres
1383,Weesp,,Weesp,Noord-Holland,0294,52.31666700,5.03333300,Adres
1390,Abcoude,,Abcoude,Utrecht,0294,52.26666700,4.96666700,Postbus
1391,Abcoude,,Abcoude,Utrecht,0294,52.26666700,4.96666700,Adres
1393,Nigtevecht,,Loenen,Utrecht,0294,52.26666700,5.03333300,Adres
1394,Nederhorst den Berg,NEDERHORST D BERG,Wijdemeren,Noord-Holland,0294,52.26666700,5.05000000,Adres + Postbus
1396,Baambrugge,,Abcoude,Utrecht,0294,52.25000000,4.98333300,Adres
1398,Muiden,,Muiden,Noord-Holland,0294,52.33333300,5.06666700,Adres + Postbus
1399,Muiderberg,,Muiden,Noord-Holland,0294,52.33333300,5.11666700,Adres
1400,Bussum,,Bussum,Noord-Holland,035,52.28333300,5.20000000,Adres + Postbus
1401,Bussum,,Bussum,Noord-Holland,035,52.28333300,5.20000000,Adres
1402,Bussum,,Bussum,Noord-Holland,035,52.28333300,5.20000000,Adres
1403,Bussum,,Bussum,Noord-Holland,035,52.28333300,5.20000000,Adres
1404,Bussum,,Bussum,Noord-Holland,035,52.28333300,5.20000000,Adres
1405,Bussum,,Bussum,Noord-Holland,035,52.28333300,5.20000000,Adres
1406,Bussum,,Bussum,Noord-Holland,035,52.28333300,5.20000000,Adres
1410,Naarden,,Naarden,Noord-Holland,035,52.30000000,5.15000000,Postbus
1411,Naarden,,Naarden,Noord-Holland,035,52.30000000,5.15000000,Adres
1412,Naarden,,Naarden,Noord-Holland,035,52.30000000,5.15000000,Adres
1420,Uithoorn,,Uithoorn,Noord-Holland,0297,52.23333300,4.83333300,Postbus
1421,Uithoorn,,Uithoorn,Noord-Holland,0297,52.23333300,4.83333300,Adres
1422,Uithoorn,,Uithoorn,Noord-Holland,0297,52.23333300,4.83333300,Adres
1423,Uithoorn,,Uithoorn,Noord-Holland,0297,52.23333300,4.83333300,Adres
1424,De Kwakel,,Uithoorn,Noord-Holland,0297,52.23333300,4.80000000,Adres
1426,De Hoef,,De Ronde Venen,Utrecht,0297,52.12342300,4.48514700,Adres
1427,Amstelhoek,,De Ronde Venen,Utrecht,0297,52.23333300,4.83333300,Adres
1428,Vrouwenakker,,Nieuwkoop,Zuid-Holland,0297,52.22811000,4.78392000,Adres
1430,Aalsmeer,,Aalsmeer,Noord-Holland,0297,52.26666700,4.76666700,Postbus
1431,Aalsmeer,,Aalsmeer,Noord-Holland,0297,52.26666700,4.76666700,Adres
1432,Aalsmeer,,Aalsmeer,Noord-Holland,0297,52.26666700,4.76666700,Adres
1433,Kudelstaart,,Aalsmeer,Noord-Holland,0297,52.23333300,4.75000000,Adres
1435,Rijsenhout,RYSENHOUT,Haarlemmermeer,Noord-Holland,0297,52.26666700,4.71666700,Adres
1436,Aalsmeerderbrug,,Haarlemmermeer,Noord-Holland,0297,52.26666700,4.75000000,Adres
1437,Rozenburg,,Haarlemmermeer,Noord-Holland,0297,52.28333300,4.73333300,Adres
1438,Oude Meer,,Haarlemmermeer,Noord-Holland,020,52.28830000,4.78610000,Adres
1440,Purmerend,,Purmerend,Noord-Holland,0299,52.51666700,4.95000000,Postbus
1441,Purmerend,,Purmerend,Noord-Holland,0299,52.51666700,4.95000000,Adres
1442,Purmerend,,Purmerend,Noord-Holland,0299,52.51666700,4.95000000,Adres
1443,Purmerend,,Purmerend,Noord-Holland,0299,52.51666700,4.95000000,Adres
1444,Purmerend,,Purmerend,Noord-Holland,0299,52.51666700,4.95000000,Adres
1445,Purmerend,,Purmerend,Noord-Holland,0299,52.51666700,4.95000000,Adres
1446,Purmerend,,Purmerend,Noord-Holland,0299,52.51666700,4.95000000,Adres
1447,Purmerend,,Purmerend,Noord-Holland,0299,52.51666700,4.95000000,Adres
1448,Purmerend,,Purmerend,Noord-Holland,0299,52.51666700,4.95000000,Adres
1451,Purmerland,,Landsmeer,Noord-Holland,0299,52.48333300,4.93333300,Adres
1452,Ilpendam,,Waterland,Noord-Holland,020,52.46666700,4.95000000,Adres
1454,Watergang,,Waterland,Noord-Holland,020,52.43333300,4.95000000,Adres
1456,Wijdewormer,WYDEWORMER,Wormerland,Noord-Holland,0299,52.50000000,4.95000000,Adres
1458,Spijkerboor,SPYKERBOOR,Wormerland,Noord-Holland,075,52.53833300,4.83333300,Adres
1461,Zuidoostbeemster,,Beemster,Noord-Holland,0299,52.51581000,4.94238000,Adres
1462,Middenbeemster,,Beemster,Noord-Holland,0299,52.55000000,4.91666700,Adres + Postbus
1463,Noordbeemster,,Beemster,Noord-Holland,0299,52.58333300,4.95000000,Adres
1464,Westbeemster,,Beemster,Noord-Holland,0299,52.56666700,4.90000000,Adres
1471,Kwadijk,KWADYK,Zeevang,Noord-Holland,0299,52.53333300,4.98333300,Adres
1472,Middelie,,Zeevang,Noord-Holland,0299,52.53333300,5.01666700,Adres
1473,Warder,,Zeevang,Noord-Holland,0299,52.56666700,5.01666700,Adres
1474,Oosthuizen,,Zeevang,Noord-Holland,0299,52.56666700,5.00000000,Adres + Postbus
1475,Beets,,Zeevang,Noord-Holland,0299,52.58811900,4.97756700,Adres
1476,Schardam,,Zeevang,Noord-Holland,0299,52.60000000,5.01666700,Adres
1477,Hobrede,,Zeevang,Noord-Holland,0299,52.55000000,4.98333300,Adres
1481,Purmer,,Waterland,Noord-Holland,0299,52.48333300,4.98333300,Adres
1482,Purmer,,Waterland,Noord-Holland,0299,52.48333300,4.98333300,Adres
1483,De Rijp,DE RYP,Graft-De Rijp,Noord-Holland,0299,52.57000000,4.85000000,Adres + Postbus
1484,Graft,,Graft-De Rijp,Noord-Holland,0299,52.56666700,4.83333300,Adres
1485,Noordeinde,,Graft-De Rijp,Noord-Holland,0299,52.56666700,4.83333300,Adres
1486,West-Graftdijk,WEST GRAFTDYK,Graft-De Rijp,Noord-Holland,075,52.55000000,4.80000000,Adres
1487,Oost-Graftdijk,OOST GRAFTDYK,Graft-De Rijp,Noord-Holland,075,52.55000000,4.81666700,Adres
1488,Starnmeer,,Graft-De Rijp,Noord-Holland,075,52.54150000,4.79325000,Adres
1489,De Woude,,Castricum,Noord-Holland,075,52.55000000,4.66666700,Adres
1500,Zaandam,,Zaanstad,Noord-Holland,075,52.45000000,4.83333300,Adres + Postbus
1501,Zaandam,,Zaanstad,Noord-Holland,075,52.45000000,4.83333300,Adres
1502,Zaandam,,Zaanstad,Noord-Holland,075,52.45000000,4.83333300,Adres
1503,Zaandam,,Zaanstad,Noord-Holland,075,52.45000000,4.83333300,Adres
1504,Zaandam,,Zaanstad,Noord-Holland,075,52.45000000,4.83333300,Adres
1505,Zaandam,,Zaanstad,Noord-Holland,075,52.45000000,4.83333300,Adres
1506,Zaandam,,Zaanstad,Noord-Holland,075,52.45000000,4.83333300,Adres
1507,Zaandam,,Zaanstad,Noord-Holland,075,52.45000000,4.83333300,Adres
1508,Zaandam,,Zaanstad,Noord-Holland,075,52.45000000,4.83333300,Adres
1509,Zaandam,,Zaanstad,Noord-Holland,075,52.45000000,4.83333300,Adres
1510,Oostzaan,,Oostzaan,Noord-Holland,075,52.45000000,4.86666700,Postbus
1511,Oostzaan,,Oostzaan,Noord-Holland,075,52.45000000,4.86666700,Adres
1520,Wormerveer,,Zaanstad,Noord-Holland,075,52.48333300,4.80000000,Postbus
1521,Wormerveer,,Zaanstad,Noord-Holland,075,52.48333300,4.80000000,Adres
1525,Westknollendam,WEST-KNOLLENDAM,Wormerland,Noord-Holland,075,52.51666700,4.78333300,Adres
1530,Wormer,,Wormerland,Noord-Holland,075,52.50000000,4.81666700,Postbus
1531,Wormer,,Wormerland,Noord-Holland,075,52.50000000,4.81666700,Adres
1534,Oostknollendam,OOST-KNOLLENDAM,Wormerland,Noord-Holland,075,52.51666700,4.80000000,Adres
1536,Markenbinnen,,Graft-De Rijp,Noord-Holland,075,52.53333300,4.78333300,Adres
1540,Koog aan de Zaan,,Zaanstad,Noord-Holland,075,52.46666700,4.80000000,Postbus
1541,Koog aan de Zaan,,Zaanstad,Noord-Holland,075,52.46666700,4.80000000,Adres
1544,Zaandijk,ZAANDYK,Zaanstad,Noord-Holland,075,52.48333300,4.80000000,Adres
1546,Jisp,,Wormerland,Noord-Holland,075,52.51666700,4.85000000,Adres
1550,Westzaan,,Zaanstad,Noord-Holland,075,52.46666700,4.76666700,Postbus
1551,Westzaan,,Zaanstad,Noord-Holland,075,52.46666700,4.76666700,Adres
1560,Krommenie,,Zaanstad,Noord-Holland,075,52.50000000,4.76666700,Postbus
1561,Krommenie,,Zaanstad,Noord-Holland,075,52.50000000,4.76666700,Adres
1562,Krommenie,,Zaanstad,Noord-Holland,075,52.50000000,4.76666700,Adres
1566,Assendelft,,Zaanstad,Noord-Holland,075,52.46666700,4.75000000,Adres
1567,Assendelft,,Zaanstad,Noord-Holland,075,52.46666700,4.75000000,Adres
1600,Enkhuizen,,Enkhuizen,Noord-Holland,0228,52.71666700,5.28333300,Postbus
1601,Enkhuizen,,Enkhuizen,Noord-Holland,0228,52.71666700,5.28333300,Adres
1602,Enkhuizen,,Enkhuizen,Noord-Holland,0228,52.71666700,5.28333300,Adres
1606,Venhuizen,,Drechterland,Noord-Holland,0228,52.66666700,5.21666700,Adres
1607,Hem,,Drechterland,Noord-Holland,0228,52.66666700,5.18333300,Adres
1608,Wijdenes,WYDENES,Drechterland,Noord-Holland,0229,52.63333300,5.15000000,Adres
1609,Oosterleek,,Drechterland,Noord-Holland,0229,52.63333300,5.20000000,Adres
1610,Bovenkarspel,,Stede Broec,Noord-Holland,0228,52.70000000,5.25000000,Postbus
1611,Bovenkarspel,,Stede Broec,Noord-Holland,0228,52.70000000,5.25000000,Adres
1613,Grootebroek,,Stede Broec,Noord-Holland,0228,52.70000000,5.21666700,Adres
1614,Lutjebroek,,Stede Broec,Noord-Holland,0228,52.70000000,5.20000000,Adres
1616,Hoogkarspel,,Drechterland,Noord-Holland,0228,52.70000000,5.20000000,Adres + Postbus
1617,Westwoud,,Drechterland,Noord-Holland,0228,52.68333300,5.13333300,Adres
1619,Andijk,ANDYK,Andijk,Noord-Holland,0228,52.75000000,5.21666700,Adres + Postbus
1620,Hoorn,Hoorn Nh,Hoorn,Noord-Holland,0229,52.64000000,5.05800000,Postbus
1621,Hoorn,Hoorn Nh,Hoorn,Noord-Holland,0229,52.64000000,5.05800000,Adres
1622,Hoorn,Hoorn Nh,Hoorn,Noord-Holland,0229,52.64000000,5.05800000,Adres
1623,Hoorn,Hoorn Nh,Hoorn,Noord-Holland,0229,52.64000000,5.05800000,Adres
1624,Hoorn,Hoorn Nh,Hoorn,Noord-Holland,0229,52.64000000,5.05800000,Adres
1625,Hoorn,Hoorn Nh,Hoorn,Noord-Holland,0229,52.64000000,5.05800000,Adres
1627,Hoorn,Hoorn Nh,Hoorn,Noord-Holland,0229,52.64000000,5.05800000,Adres
1628,Hoorn,Hoorn Nh,Hoorn,Noord-Holland,0229,52.64000000,5.05800000,Adres
1631,Oudendijk,OUDENDYK,Koggenland,Noord-Holland,0229,52.60080000,4.96810000,Adres
1633,Avenhorn,,Koggenland,Noord-Holland,0229,52.61666700,4.95000000,Adres + Postbus
1634,Scharwoude,,Koggenland,Noord-Holland,0229,52.61666700,5.01666700,Adres
1636,Schermerhorn,,Schermer,Noord-Holland,072,52.60000000,4.88333300,Adres
1641,Spierdijk,SPIERDYK,Koggenland,Noord-Holland,0229,52.65000000,4.95000000,Adres
1642,Spierdijk,SPIERDYK,Koggenland,Noord-Holland,0229,52.65000000,4.95000000,Adres
1643,Spierdijk,SPIERDYK,Koggenland,Noord-Holland,0229,52.65000000,4.95000000,Adres
1645,Ursem,,Koggenland,Noord-Holland,072,52.63333300,4.90000000,Adres
1646,Ursem,,Koggenland,Noord-Holland,072,52.63333300,4.90000000,Adres
1647,Berkhout,,Koggenland,Noord-Holland,0229,52.63333300,5.00000000,Adres
1648,De Goorn,,Koggenland,Noord-Holland,0229,52.63333300,4.95000000,Adres
1652,Zuidermeer,,Koggenland,Noord-Holland,0229,52.66666700,4.98333300,Adres
1654,Benningbroek,,Medemblik,Noord-Holland,0229,52.70000000,5.03333300,Adres
1655,Sijbekarspel,SYBEKARSPEL,Medemblik,Noord-Holland,0229,52.70000000,5.00000000,Adres
1657,Abbekerk,,Medemblik,Noord-Holland,0229,52.73333300,5.01666700,Adres
1658,Lambertschaag,,Medemblik,Noord-Holland,0229,52.75000000,5.01666700,Adres
1661,De Weere,,Opmeer,Noord-Holland,0229,52.73333300,5.00000000,Adres
1662,De Weere,,Opmeer,Noord-Holland,0229,52.73333300,5.00000000,Adres
1663,De Weere,,Opmeer,Noord-Holland,0229,52.73333300,5.00000000,Adres
1670,Medemblik,,Medemblik,Noord-Holland,0227,52.76666700,5.10000000,Postbus
1671,Medemblik,,Medemblik,Noord-Holland,0227,52.76666700,5.10000000,Adres
1674,Opperdoes,,Medemblik,Noord-Holland,0227,52.76666700,5.08333300,Adres
1676,Twisk,,Medemblik,Noord-Holland,0227,52.75000000,5.06666700,Adres
1678,Oostwoud,,Medemblik,Noord-Holland,0229,52.73333300,5.08333300,Adres
1679,Midwoud,,Medemblik,Noord-Holland,0229,52.71666700,5.06666700,Adres
1681,Zwaagdijk,Zwaagdijk-Oost,Wervershoof,Noord-Holland,0228,52.67625000,5.05800000,Adres
1682,Zwaagdijk,Zwaagdijk-Oost,Wervershoof,Noord-Holland,0228,52.67625000,5.05800000,Adres
1683,Zwaagdijk,Zwaagdijk-Oost,Wervershoof,Noord-Holland,0228,52.67625000,5.05800000,Adres
1684,Zwaagdijk,Zwaagdijk-Oost,Wervershoof,Noord-Holland,0228,52.67625000,5.05800000,Adres
1685,Zwaagdijk,Zwaagdijk-Oost,Wervershoof,Noord-Holland,0228,52.67625000,5.05800000,Adres
1686,Zwaagdijk,Zwaagdijk-Oost,Wervershoof,Noord-Holland,0228,52.67625000,5.05800000,Adres
1687,Wognum,,Medemblik,Noord-Holland,0229,52.68333300,5.03333300,Adres + Postbus
1688,Nibbixwoud,,Medemblik,Noord-Holland,0229,52.70000000,5.06666700,Adres
1689,Zwaag,,Hoorn,Noord-Holland,0229,52.66666700,5.06666700,Adres
1691,Hauwert,,Medemblik,Noord-Holland,0229,52.71666700,5.10000000,Adres
1692,Hauwert,,Medemblik,Noord-Holland,0229,52.71666700,5.10000000,Adres
1693,Wervershoof,,Wervershoof,Noord-Holland,0228,52.73333300,5.16666700,Adres + Postbus
1695,Blokker,,Hoorn,Noord-Holland,0229,52.66666700,5.10000000,Adres + Postbus
1696,Oosterblokker,,Drechterland,Noord-Holland,0229,52.66666700,5.11666700,Adres
1697,Schellinkhout,,Drechterland,Noord-Holland,0229,52.63333300,5.11666700,Adres
1700,Heerhugowaard,,Heerhugowaard,Noord-Holland,072,52.66666700,4.85000000,Postbus
1701,Heerhugowaard,,Heerhugowaard,Noord-Holland,072,52.66666700,4.85000000,Adres
1702,Heerhugowaard,,Heerhugowaard,Noord-Holland,072,52.66666700,4.85000000,Adres
1703,Heerhugowaard,,Heerhugowaard,Noord-Holland,072,52.66666700,4.85000000,Adres
1704,Heerhugowaard,,Heerhugowaard,Noord-Holland,072,52.66666700,4.85000000,Adres
1705,Heerhugowaard,,Heerhugowaard,Noord-Holland,072,52.66666700,4.85000000,Adres
1710,Hensbroek,,Koggenland,Noord-Holland,0226,52.65000000,4.88333300,Postbus
1711,Hensbroek,,Koggenland,Noord-Holland,0226,52.65000000,4.88333300,Adres
1713,Obdam,,Koggenland,Noord-Holland,0226,52.68333300,4.90000000,Adres + Postbus
1715,Spanbroek,,Opmeer,Noord-Holland,0226,52.70000000,4.95000000,Adres + Postbus
1716,Opmeer,,Opmeer,Noord-Holland,0226,52.70000000,4.95000000,Adres + Postbus
1718,Hoogwoud,,Opmeer,Noord-Holland,0226,52.71666700,4.93333300,Adres
1719,Aartswoud,,Opmeer,Noord-Holland,0229,52.75000000,4.95000000,Adres
1720,Broek op Langedijk,BROEK OP LANGEDYK,Langedijk,Noord-Holland,0226,52.66666700,4.81666700,Postbus
1721,Broek op Langedijk,BROEK OP LANGEDYK,Langedijk,Noord-Holland,0226,52.66666700,4.81666700,Adres
1722,Zuid-Scharwoude,ZUID SCHARWOUDE,Langedijk,Noord-Holland,0226,52.68333300,4.81666700,Adres
1723,Noord-Scharwoude,NOORD SCHARWOUDE,Langedijk,Noord-Holland,0226,52.70000000,4.81666700,Adres + Postbus
1724,Oudkarspel,,Langedijk,Noord-Holland,0226,52.70000000,4.80000000,Adres + Postbus
1730,Winkel,,Niedorp,Noord-Holland,0224,52.75420000,4.90280000,Postbus
1731,Winkel,,Niedorp,Noord-Holland,0224,52.75420000,4.90280000,Adres
1732,Lutjewinkel,,Niedorp,Noord-Holland,0224,52.76666700,4.88333300,Adres
1733,Nieuwe Niedorp,NIEUWE-NIEDORP,Niedorp,Noord-Holland,0226,52.73333300,4.90000000,Adres + Postbus
1734,Oude-Niedorp,OUDE NIEDORP,Niedorp,Noord-Holland,0226,52.71666700,4.88333300,Adres
1735,'t Veld,T VELD,Niedorp,Noord-Holland,0226,52.73917000,4.85556000,Adres
1736,Zijdewind,ZYDEWIND,Niedorp,Noord-Holland,0226,52.73333300,4.85000000,Adres
1738,Waarland,,Harenkarspel,Noord-Holland,0226,52.73333300,4.83333300,Adres + Postbus
1740,Schagen,,Schagen,Noord-Holland,0224,52.78333300,4.80000000,Postbus
1741,Schagen,,Schagen,Noord-Holland,0224,52.78333300,4.80000000,Adres
1742,Schagen,,Schagen,Noord-Holland,0224,52.78333300,4.80000000,Adres
1744,Sint Maarten,ST MAARTEN,Harenkarspel,Noord-Holland,0224,52.76666700,4.75000000,Adres
1746,Dirkshorn,,Harenkarspel,Noord-Holland,0224,52.75000000,4.78333300,Adres
1747,Tuitjenhorn,,Harenkarspel,Noord-Holland,0226,52.73333300,4.75000000,Adres
1749,Warmenhuizen,,Harenkarspel,Noord-Holland,0226,52.73333300,4.73333300,Adres + Postbus
1750,Schagerbrug,,Zijpe,Noord-Holland,0224,52.80000000,4.76666700,Postbus
1751,Schagerbrug,,Zijpe,Noord-Holland,0224,52.80000000,4.76666700,Adres
1752,Sint Maartensbrug,ST MAARTENSBRUG,Zijpe,Noord-Holland,0224,52.78333300,4.73333300,Adres
1753,Sint Maartensvlotbrug,ST MAARTENSVLOTBR,Zijpe,Noord-Holland,0224,52.78333300,4.71666700,Adres
1754,Burgerbrug,,Zijpe,Noord-Holland,0226,52.75000000,4.70000000,Adres
1755,Petten,,Zijpe,Noord-Holland,0226,52.76666700,4.66666700,Adres
1756,'t Zand,T ZAND,Zijpe,Noord-Holland,0224,52.83688000,4.75456000,Adres
1757,Oudesluis,,Zijpe,Noord-Holland,0224,52.83333300,4.81666700,Adres
1759,Callantsoog,,Zijpe,Noord-Holland,0224,52.83333300,4.70000000,Adres
1760,Anna Paulowna,,Anna Paulowna,Noord-Holland,0223,52.86666700,4.86666700,Postbus
1761,Anna Paulowna,,Anna Paulowna,Noord-Holland,0223,52.86666700,4.86666700,Adres
1764,Breezand,,Anna Paulowna,Noord-Holland,0223,52.88795000,4.80625000,Adres + Postbus
1766,Wieringerwaard,,Anna Paulowna,Noord-Holland,0224,52.83333300,4.86666700,Adres
1767,Kolhorn,,Niedorp,Noord-Holland,0224,52.80000000,4.90000000,Adres
1768,Barsingerhorn,,Niedorp,Noord-Holland,0224,52.78333300,4.85000000,Adres
1769,Haringhuizen,,Niedorp,Noord-Holland,0224,52.77451000,4.82833000,Adres
1770,Wieringerwerf,,Wieringermeer,Noord-Holland,0227,52.85000000,5.03333300,Postbus
1771,Wieringerwerf,,Wieringermeer,Noord-Holland,0227,52.85000000,5.03333300,Adres
1773,Kreileroord,,Wieringermeer,Noord-Holland,0227,52.85000000,5.08333300,Adres
1774,Slootdorp,,Wieringermeer,Noord-Holland,0227,52.85000000,4.96666700,Adres
1775,Middenmeer,,Wieringermeer,Noord-Holland,0227,52.80000000,5.00000000,Adres + Postbus
1777,Hippolytushoef,,Wieringen,Noord-Holland,0227,52.90000000,4.96666700,Adres + Postbus
1778,Westerland,,Wieringen,Noord-Holland,0227,52.88333300,4.93333300,Adres
1779,Den Oever,,Wieringen,Noord-Holland,0227,52.93261400,5.02556100,Adres
1780,Den Helder,,Den Helder,Noord-Holland,0223,52.96666700,4.76666700,Postbus
1781,Den Helder,,Den Helder,Noord-Holland,0223,52.96666700,4.76666700,Adres
1782,Den Helder,,Den Helder,Noord-Holland,0223,52.96666700,4.76666700,Adres
1783,Den Helder,,Den Helder,Noord-Holland,0223,52.96666700,4.76666700,Adres
1784,Den Helder,,Den Helder,Noord-Holland,0223,52.96666700,4.76666700,Adres
1785,Den Helder,,Den Helder,Noord-Holland,0223,52.96666700,4.76666700,Adres
1786,Den Helder,,Den Helder,Noord-Holland,0223,52.96666700,4.76666700,Adres
1787,Den Helder,,Den Helder,Noord-Holland,0223,52.96666700,4.76666700,Adres
1788,Den Helder,,Den Helder,Noord-Holland,0223,52.96666700,4.76666700,Adres
1789,Huisduinen,,Den Helder,Noord-Holland,0223,52.95000000,4.73000000,Adres
1790,Den Burg,,Texel,Noord-Holland,0222,53.05000000,4.80000000,Postbus
1791,Den Burg,,Texel,Noord-Holland,0222,53.05000000,4.80000000,Adres
1792,Oudeschild,,Texel,Noord-Holland,0222,53.03333300,4.86666700,Adres
1793,De Waal,,Texel,Noord-Holland,0222,53.07275000,4.82081000,Adres
1794,Oosterend,,Texel,Noord-Holland,0222,53.08638889,4.87611111,Adres + Postbus
1795,De Cocksdorp,,Texel,Noord-Holland,0222,53.15000000,4.86666700,Adres
1796,De Koog,,Texel,Noord-Holland,0222,53.10000000,4.76666700,Adres
1797,Den Hoorn,DEN HOORN TEXEL,Texel,Noord-Holland,0222,53.12550000,4.89620000,Adres
1800,Alkmaar,,Alkmaar,Noord-Holland,072,52.63333300,4.75000000,Adres + Postbus
1801,Alkmaar,,Alkmaar,Noord-Holland,072,52.63333300,4.75000000,Postbus
1802,Alkmaar,,Alkmaar,Noord-Holland,072,52.63333300,4.75000000,Postbus
1810,Alkmaar,,Alkmaar,Noord-Holland,072,52.63333300,4.75000000,Postbus
1811,Alkmaar,,Alkmaar,Noord-Holland,072,52.63333300,4.75000000,Adres
1812,Alkmaar,,Alkmaar,Noord-Holland,072,52.63333300,4.75000000,Adres
1813,Alkmaar,,Alkmaar,Noord-Holland,072,52.63333300,4.75000000,Adres
1814,Alkmaar,,Alkmaar,Noord-Holland,072,52.63333300,4.75000000,Adres
1815,Alkmaar,,Alkmaar,Noord-Holland,072,52.63333300,4.75000000,Adres
1816,Alkmaar,,Alkmaar,Noord-Holland,072,52.63333300,4.75000000,Adres
1817,Alkmaar,,Alkmaar,Noord-Holland,072,52.63333300,4.75000000,Adres
1821,Alkmaar,,Alkmaar,Noord-Holland,072,52.63333300,4.75000000,Adres
1822,Alkmaar,,Alkmaar,Noord-Holland,072,52.63333300,4.75000000,Adres
1823,Alkmaar,,Alkmaar,Noord-Holland,072,52.63333300,4.75000000,Adres
1824,Alkmaar,,Alkmaar,Noord-Holland,072,52.63333300,4.75000000,Adres
1825,Alkmaar,,Alkmaar,Noord-Holland,072,52.63333300,4.75000000,Adres
1826,Alkmaar,,Alkmaar,Noord-Holland,072,52.63333300,4.75000000,Adres
1827,Alkmaar,,Alkmaar,Noord-Holland,072,52.63333300,4.75000000,Adres
1829,Oudorp,,Alkmaar,Noord-Holland,072,52.63333300,4.78333300,Adres
1830,Koedijk,KOEDYK,Alkmaar,Noord-Holland,072,52.66666700,4.75000000,Postbus
1831,Koedijk,KOEDYK,Alkmaar,Noord-Holland,072,52.66666700,4.75000000,Adres
1832,Koedijk,KOEDYK,Alkmaar,Noord-Holland,072,52.66666700,4.75000000,Adres
1834,Sint Pancras,ST PANCRAS,Langedijk,Noord-Holland,072,52.66666700,4.78333300,Adres + Postbus
1840,Stompetoren,,Schermer,Noord-Holland,072,52.61666700,4.81666700,Postbus
1841,Stompetoren,,Schermer,Noord-Holland,072,52.61666700,4.81666700,Adres
1842,Oterleek,,Schermer,Noord-Holland,072,52.63333300,4.83333300,Adres
1843,Grootschermer,,Schermer,Noord-Holland,0299,52.58333300,4.85000000,Adres
1844,Driehuizen,,Schermer,Noord-Holland,0299,52.57830000,4.80690000,Adres
1846,Zuidschermer,,Schermer,Noord-Holland,072,52.58333300,4.78333300,Adres
1847,Zuidschermer,,Schermer,Noord-Holland,072,52.58333300,4.78333300,Adres
1850,Heiloo,,Heiloo,Noord-Holland,072,52.60000000,4.70000000,Postbus
1851,Heiloo,,Heiloo,Noord-Holland,072,52.60000000,4.70000000,Adres
1852,Heiloo,,Heiloo,Noord-Holland,072,52.60000000,4.70000000,Adres
1860,Bergen,Bergen (NH.),Bergen,Noord-Holland,072,52.67014000,4.70798000,Postbus
1861,Bergen,Bergen (NH.),Bergen,Noord-Holland,072,52.67014000,4.70798000,Adres
1862,Bergen,Bergen (NH.),Bergen,Noord-Holland,072,52.67014000,4.70798000,Adres
1865,Bergen aan Zee,,Bergen,Noord-Holland,072,52.66666700,4.63333300,Adres
1870,Schoorl,,Bergen,Noord-Holland,072,52.70000000,4.70000000,Postbus
1871,Schoorl,,Bergen,Noord-Holland,072,52.70000000,4.70000000,Adres
1873,Groet,,Bergen,Noord-Holland,072,52.71666700,4.66666700,Adres
1900,Castricum,,Castricum,Noord-Holland,0251,52.55000000,4.66666700,Postbus
1901,Castricum,,Castricum,Noord-Holland,0251,52.55000000,4.66666700,Adres
1902,Castricum,,Castricum,Noord-Holland,0251,52.55000000,4.66666700,Adres
1906,Limmen,,Castricum,Noord-Holland,072,52.56666700,4.68333300,Adres + Postbus
1910,Uitgeest,,Uitgeest,Noord-Holland,0251,52.53333300,4.71666700,Postbus
1911,Uitgeest,,Uitgeest,Noord-Holland,0251,52.53333300,4.71666700,Adres
1920,Akersloot,,Castricum,Noord-Holland,0251,52.56666700,4.73333300,Postbus
1921,Akersloot,,Castricum,Noord-Holland,0251,52.56666700,4.73333300,Adres
1930,Egmond aan Zee,,Bergen,Noord-Holland,072,52.61666700,4.63333300,Postbus
1931,Egmond aan Zee,,Bergen,Noord-Holland,072,52.61666700,4.63333300,Adres
1934,Egmond aan Den Hoef,EGMOND AD HOEF,Bergen,Noord-Holland,072,52.61666700,4.65000000,Adres
1935,Egmond-Binnen,EGMOND BINNEN,Bergen,Noord-Holland,072,52.60000000,4.65000000,Adres
1940,Beverwijk,BEVERWYK,Beverwijk,Noord-Holland,0251,52.48333300,4.65000000,Adres + Postbus
1941,Beverwijk,BEVERWYK,Beverwijk,Noord-Holland,0251,52.48333300,4.65000000,Adres
1942,Beverwijk,BEVERWYK,Beverwijk,Noord-Holland,0251,52.48333300,4.65000000,Adres
1943,Beverwijk,BEVERWYK,Beverwijk,Noord-Holland,0251,52.48333300,4.65000000,Adres
1944,Beverwijk,BEVERWYK,Beverwijk,Noord-Holland,0251,52.48333300,4.65000000,Adres
1945,Beverwijk,BEVERWYK,Beverwijk,Noord-Holland,0251,52.48333300,4.65000000,Adres
1946,Beverwijk,BEVERWYK,Beverwijk,Noord-Holland,0251,52.48333300,4.65000000,Adres
1947,Beverwijk,BEVERWYK,Beverwijk,Noord-Holland,0251,52.48333300,4.65000000,Adres
1948,Beverwijk,BEVERWYK,Beverwijk,Noord-Holland,0251,52.48333300,4.65000000,Adres
1949,Wijk aan Zee,WYK AAN ZEE,Beverwijk,Noord-Holland,0251,52.50000000,4.60000000,Adres + Postbus
1950,Velsen-Noord,VELSEN NOORD,Velsen,Noord-Holland,0251,52.46666700,4.65000000,Postbus
1951,Velsen-Noord,VELSEN NOORD,Velsen,Noord-Holland,0251,52.46666700,4.65000000,Adres
1960,Heemskerk,,Heemskerk,Noord-Holland,0251,52.51666700,4.66666700,Postbus
1961,Heemskerk,,Heemskerk,Noord-Holland,0251,52.51666700,4.66666700,Adres
1962,Heemskerk,,Heemskerk,Noord-Holland,0251,52.51666700,4.66666700,Adres
1963,Heemskerk,,Heemskerk,Noord-Holland,0251,52.51666700,4.66666700,Adres
1964,Heemskerk,,Heemskerk,Noord-Holland,0251,52.51666700,4.66666700,Adres
1965,Heemskerk,,Heemskerk,Noord-Holland,0251,52.51666700,4.66666700,Adres
1966,Heemskerk,,Heemskerk,Noord-Holland,0251,52.51666700,4.66666700,Adres
1967,Heemskerk,,Heemskerk,Noord-Holland,0251,52.51666700,4.66666700,Adres
1968,Heemskerk,,Heemskerk,Noord-Holland,0251,52.51666700,4.66666700,Adres
1969,Heemskerk,,Heemskerk,Noord-Holland,0251,52.51666700,4.66666700,Adres
1970,IJmuiden,YMUIDEN,Velsen,Noord-Holland,0255,52.46666700,4.55000000,Postbus
1971,IJmuiden,YMUIDEN,Velsen,Noord-Holland,0255,52.46666700,4.55000000,Adres
1972,IJmuiden,YMUIDEN,Velsen,Noord-Holland,0255,52.46666700,4.55000000,Adres
1973,IJmuiden,YMUIDEN,Velsen,Noord-Holland,0255,52.46666700,4.55000000,Adres
1974,IJmuiden,YMUIDEN,Velsen,Noord-Holland,0255,52.46666700,4.55000000,Adres
1975,IJmuiden,YMUIDEN,Velsen,Noord-Holland,0255,52.46666700,4.55000000,Adres
1976,IJmuiden,YMUIDEN,Velsen,Noord-Holland,0255,52.46666700,4.55000000,Adres
1980,Velsen-Zuid,VELSEN ZUID,Velsen,Noord-Holland,0255,52.46666700,4.63333300,Postbus
1981,Velsen-Zuid,VELSEN ZUID,Velsen,Noord-Holland,0255,52.46666700,4.63333300,Adres
1985,Driehuis,,Velsen,Noord-Holland,0255,52.44670000,4.63750000,Adres
1990,Velserbroek,,Velsen,Noord-Holland,023,52.43483000,4.65880000,Postbus
1991,Velserbroek,,Velsen,Noord-Holland,023,52.43483000,4.65880000,Adres
1992,Velserbroek,,Velsen,Noord-Holland,023,52.43483000,4.65880000,Adres
2000,Haarlem,,Haarlem,Noord-Holland,023,52.38232510,4.63649789,Postbus
2001,Haarlem,,Haarlem,Noord-Holland,023,52.38232510,4.63649789,Postbus
2002,Haarlem,,Haarlem,Noord-Holland,023,52.38232510,4.63649789,Postbus
2003,Haarlem,,Haarlem,Noord-Holland,023,52.38232510,4.63649789,Postbus
2011,Haarlem,,Haarlem,Noord-Holland,023,52.38232510,4.63649789,Adres
2012,Haarlem,,Haarlem,Noord-Holland,023,52.38232510,4.63649789,Adres
2013,Haarlem,,Haarlem,Noord-Holland,023,52.38232510,4.63649789,Adres
2014,Haarlem,,Haarlem,Noord-Holland,023,52.38232510,4.63649789,Adres
2015,Haarlem,,Haarlem,Noord-Holland,023,52.38232510,4.63649789,Adres
2019,Haarlem,,Haarlem,Noord-Holland,023,52.38232510,4.63649789,Adres
2021,Haarlem,,Haarlem,Noord-Holland,023,52.38232510,4.63649789,Adres
2022,Haarlem,,Haarlem,Noord-Holland,023,52.38232510,4.63649789,Adres
2023,Haarlem,,Haarlem,Noord-Holland,023,52.38232510,4.63649789,Adres
2024,Haarlem,,Haarlem,Noord-Holland,023,52.38232510,4.63649789,Adres
2025,Haarlem,,Haarlem,Noord-Holland,023,52.38232510,4.63649789,Adres
2026,Haarlem,,Haarlem,Noord-Holland,023,52.38232510,4.63649789,Adres
2031,Haarlem,,Haarlem,Noord-Holland,023,52.38232510,4.63649789,Adres
2032,Haarlem,,Haarlem,Noord-Holland,023,52.38232510,4.63649789,Adres
2033,Haarlem,,Haarlem,Noord-Holland,023,52.38232510,4.63649789,Adres
2034,Haarlem,,Haarlem,Noord-Holland,023,52.38232510,4.63649789,Adres
2035,Haarlem,,Haarlem,Noord-Holland,023,52.38232510,4.63649789,Adres
2036,Haarlem,,Haarlem,Noord-Holland,023,52.38232510,4.63649789,Adres
2037,Haarlem,,Haarlem,Noord-Holland,023,52.38232510,4.63649789,Adres
2040,Zandvoort,,Zandvoort,Noord-Holland,023,52.37000000,4.53000000,Postbus
2041,Zandvoort,,Zandvoort,Noord-Holland,023,52.37000000,4.53000000,Adres
2042,Zandvoort,,Zandvoort,Noord-Holland,023,52.37000000,4.53000000,Adres
2050,Overveen,,Bloemendaal,Noord-Holland,023,52.40000000,4.60000000,Postbus
2051,Overveen,,Bloemendaal,Noord-Holland,023,52.40000000,4.60000000,Adres
2060,Bloemendaal,,Bloemendaal,Noord-Holland,023,52.40277778,4.62805556,Postbus
2061,Bloemendaal,,Bloemendaal,Noord-Holland,023,52.40277778,4.62805556,Adres
2063,Spaarndam-West,SPAARNDAM WEST,Haarlem,Noord-Holland,023,52.41508000,4.67699000,Adres
2064,Spaarndam,,Haarlemmerliede en Spaarnwoude,Noord-Holland,023,52.41666700,4.68333300,Adres + Postbus
2065,Haarlemmerliede,,Haarlemmerliede en Spaarnwoude,Noord-Holland,023,52.38333300,4.68333300,Adres
2070,Santpoort-Noord,SANTPOORT NOORD,Velsen,Noord-Holland,023,52.43333300,4.65000000,Postbus
2071,Santpoort-Noord,SANTPOORT NOORD,Velsen,Noord-Holland,023,52.43333300,4.65000000,Adres
2080,Santpoort-Zuid,SANTPOORT ZUID,Velsen,Noord-Holland,023,52.41666700,4.63333300,Postbus
2082,Santpoort-Zuid,SANTPOORT ZUID,Velsen,Noord-Holland,023,52.41666700,4.63333300,Adres
2100,Heemstede,,Heemstede,Noord-Holland,023,52.35000000,4.61666700,Postbus
2101,Heemstede,,Heemstede,Noord-Holland,023,52.35000000,4.61666700,Adres
2102,Heemstede,,Heemstede,Noord-Holland,023,52.35000000,4.61666700,Adres
2103,Heemstede,,Heemstede,Noord-Holland,023,52.35000000,4.61666700,Adres
2104,Heemstede,,Heemstede,Noord-Holland,023,52.35000000,4.61666700,Adres
2105,Heemstede,,Heemstede,Noord-Holland,023,52.35000000,4.61666700,Adres
2106,Heemstede,,Heemstede,Noord-Holland,023,52.35000000,4.61666700,Adres
2110,Aerdenhout,,Bloemendaal,Noord-Holland,023,52.36666700,4.60000000,Postbus
2111,Aerdenhout,,Bloemendaal,Noord-Holland,023,52.36666700,4.60000000,Adres
2114,Vogelenzang,,Bloemendaal,Noord-Holland,023,52.31666700,4.58333300,Adres
2116,Bentveld,,Zandvoort,Noord-Holland,023,52.36609000,4.57514000,Adres
2120,Bennebroek,,Bloemendaal,Noord-Holland,023,52.31666700,4.60000000,Postbus
2121,Bennebroek,,Bloemendaal,Noord-Holland,023,52.31666700,4.60000000,Adres
2130,Hoofddorp,,Haarlemmermeer,Noord-Holland,023,52.30000000,4.70000000,Postbus
2131,Hoofddorp,,Haarlemmermeer,Noord-Holland,023,52.30000000,4.70000000,Adres
2132,Hoofddorp,,Haarlemmermeer,Noord-Holland,023,52.30000000,4.70000000,Adres
2133,Hoofddorp,,Haarlemmermeer,Noord-Holland,023,52.30000000,4.70000000,Adres
2134,Hoofddorp,,Haarlemmermeer,Noord-Holland,023,52.30000000,4.70000000,Adres
2135,Hoofddorp,,Haarlemmermeer,Noord-Holland,023,52.30000000,4.70000000,Adres
2136,Zwaanshoek,,Haarlemmermeer,Noord-Holland,023,52.31666700,4.61666700,Adres
2140,Vijfhuizen,VYFHUIZEN,Haarlemmermeer,Noord-Holland,023,52.35000000,4.65000000,Postbus
2141,Vijfhuizen,VYFHUIZEN,Haarlemmermeer,Noord-Holland,023,52.35000000,4.65000000,Adres
2142,Cruquius,,Haarlemmermeer,Noord-Holland,023,52.33333300,4.63333300,Adres
2143,Boesingheliede,,Haarlemmermeer,Noord-Holland,023,52.36666700,4.71666700,Adres
2144,Beinsdorp,,Haarlemmermeer,Noord-Holland,0252,52.28333300,4.60000000,Adres
2150,Nieuw Vennep,NIEUW-VENNEP,Haarlemmermeer,Noord-Holland,0252,52.26666700,4.63333300,Postbus
2151,Nieuw Vennep,NIEUW-VENNEP,Haarlemmermeer,Noord-Holland,0252,52.26666700,4.63333300,Adres
2152,Nieuw Vennep,NIEUW-VENNEP,Haarlemmermeer,Noord-Holland,0252,52.26666700,4.63333300,Adres
2153,Nieuw Vennep,NIEUW-VENNEP,Haarlemmermeer,Noord-Holland,0252,52.26666700,4.63333300,Adres
2154,Burgerveen,,Haarlemmermeer,Noord-Holland,0172,52.23333300,4.68333300,Adres
2155,Leimuiderbrug,,Haarlemmermeer,Noord-Holland,0172,52.23333300,4.66666700,Adres
2156,Weteringbrug,,Haarlemmermeer,Noord-Holland,071,52.21666700,4.65000000,Adres
2157,Abbenes,,Haarlemmermeer,Noord-Holland,0252,52.23333300,4.60000000,Adres
2158,Buitenkaag,,Haarlemmermeer,Noord-Holland,0252,52.21666700,4.56666700,Adres
2159,Kaag,,Kaag en Braassem,Zuid-Holland,0252,52.21666700,4.55000000,Adres
2160,Lisse,,Lisse,Zuid-Holland,0252,52.25000000,4.56666700,Adres + Postbus
2161,Lisse,,Lisse,Zuid-Holland,0252,52.25000000,4.56666700,Adres
2162,Lisse,,Lisse,Zuid-Holland,0252,52.25000000,4.56666700,Adres
2163,Lisse,,Lisse,Zuid-Holland,0252,52.25000000,4.56666700,Adres
2165,Lisserbroek,,Haarlemmermeer,Noord-Holland,0252,52.25000000,4.56666700,Adres
2170,Sassenheim,,Teylingen,Zuid-Holland,0252,52.21666700,4.53333300,Postbus
2171,Sassenheim,,Teylingen,Zuid-Holland,0252,52.21666700,4.53333300,Adres
2172,Sassenheim,,Teylingen,Zuid-Holland,0252,52.21666700,4.53333300,Adres
2180,Hillegom,,Hillegom,Zuid-Holland,0252,52.30000000,4.58333300,Postbus
2181,Hillegom,,Hillegom,Zuid-Holland,0252,52.30000000,4.58333300,Adres
2182,Hillegom,,Hillegom,Zuid-Holland,0252,52.30000000,4.58333300,Adres
2190,De Zilk,,Noordwijkerhout,Zuid-Holland,0252,52.30000000,4.55000000,Postbus
2191,De Zilk,,Noordwijkerhout,Zuid-Holland,0252,52.30000000,4.55000000,Adres
2200,Noordwijk,Noordwijk Zh;Noordwijk aan Zee,Noordwijk,Zuid-Holland,071,52.23324730,4.44174690,Postbus
2201,Noordwijk,Noordwijk Zh;Noordwijk aan Zee,Noordwijk,Zuid-Holland,071,52.23324730,4.44174690,Adres
2202,Noordwijk,Noordwijk Zh;Noordwijk aan Zee,Noordwijk,Zuid-Holland,071,52.23324730,4.44174690,Adres
2203,Noordwijk,Noordwijk Zh;Noordwijk aan Zee,Noordwijk,Zuid-Holland,071,52.23324730,4.44174690,Adres
2204,Noordwijk,Noordwijk Zh;Noordwijk aan Zee,Noordwijk,Zuid-Holland,071,52.23324730,4.44174690,Adres
2210,Noordwijkerhout,NOORDWYKERHOUT,Noordwijkerhout,Zuid-Holland,0252,52.26666700,4.50000000,Postbus
2211,Noordwijkerhout,NOORDWYKERHOUT,Noordwijkerhout,Zuid-Holland,0252,52.26666700,4.50000000,Adres
2215,Voorhout,,Teylingen,Zuid-Holland,0252,52.21666700,4.48333300,Adres + Postbus
2220,Katwijk,KATWYK;Katwijk Zh,Katwijk,Zuid-Holland,071,52.20298028,4.41294560,Postbus
2221,Katwijk,KATWYK;Katwijk Zh,Katwijk,Zuid-Holland,071,52.20298028,4.41294560,Adres
2222,Katwijk,KATWYK;Katwijk Zh,Katwijk,Zuid-Holland,071,52.20298028,4.41294560,Adres
2223,Katwijk,KATWYK;Katwijk Zh,Katwijk,Zuid-Holland,071,52.20298028,4.41294560,Adres
2224,Katwijk,KATWYK;Katwijk Zh,Katwijk,Zuid-Holland,071,52.20298028,4.41294560,Adres
2225,Katwijk,KATWYK;Katwijk Zh,Katwijk,Zuid-Holland,071,52.20298028,4.41294560,Adres
2230,Rijnsburg,RYNSBURG,Katwijk,Zuid-Holland,071,52.18333300,4.45000000,Postbus
2231,Rijnsburg,RYNSBURG,Katwijk,Zuid-Holland,071,52.18333300,4.45000000,Adres
2235,Valkenburg,,Katwijk,Zuid-Holland,071,52.16655300,4.43236900,Adres
2240,Wassenaar,,Wassenaar,Zuid-Holland,070,52.15000000,4.40000000,Postbus
2241,Wassenaar,,Wassenaar,Zuid-Holland,070,52.15000000,4.40000000,Adres
2242,Wassenaar,,Wassenaar,Zuid-Holland,070,52.15000000,4.40000000,Adres
2243,Wassenaar,,Wassenaar,Zuid-Holland,070,52.15000000,4.40000000,Adres
2244,Wassenaar,,Wassenaar,Zuid-Holland,070,52.15000000,4.40000000,Adres
2245,Wassenaar,,Wassenaar,Zuid-Holland,070,52.15000000,4.40000000,Adres
2250,Voorschoten,,Voorschoten,Zuid-Holland,071,52.13333300,4.45000000,Postbus
2251,Voorschoten,,Voorschoten,Zuid-Holland,071,52.13333300,4.45000000,Adres
2252,Voorschoten,,Voorschoten,Zuid-Holland,071,52.13333300,4.45000000,Adres
2253,Voorschoten,,Voorschoten,Zuid-Holland,071,52.13333300,4.45000000,Adres
2254,Voorschoten,,Voorschoten,Zuid-Holland,071,52.13333300,4.45000000,Adres
2260,Leidschendam,,Leidschendam-Voorburg,Zuid-Holland,070,52.08333300,4.40000000,Postbus
2261,Leidschendam,,Leidschendam-Voorburg,Zuid-Holland,070,52.08333300,4.40000000,Adres
2262,Leidschendam,,Leidschendam-Voorburg,Zuid-Holland,070,52.08333300,4.40000000,Adres
2263,Leidschendam,,Leidschendam-Voorburg,Zuid-Holland,070,52.08333300,4.40000000,Adres
2264,Leidschendam,,Leidschendam-Voorburg,Zuid-Holland,070,52.08333300,4.40000000,Adres
2265,Leidschendam,,Leidschendam-Voorburg,Zuid-Holland,070,52.08333300,4.40000000,Adres
2266,Leidschendam,,Leidschendam-Voorburg,Zuid-Holland,070,52.08333300,4.40000000,Adres
2267,Leidschendam,,Leidschendam-Voorburg,Zuid-Holland,070,52.08333300,4.40000000,Adres
2270,Voorburg,,Leidschendam-Voorburg,Zuid-Holland,070,52.06666700,4.36666700,Postbus
2271,Voorburg,,Leidschendam-Voorburg,Zuid-Holland,070,52.06666700,4.36666700,Adres
2272,Voorburg,,Leidschendam-Voorburg,Zuid-Holland,070,52.06666700,4.36666700,Adres
2273,Voorburg,,Leidschendam-Voorburg,Zuid-Holland,070,52.06666700,4.36666700,Adres
2274,Voorburg,,Leidschendam-Voorburg,Zuid-Holland,070,52.06666700,4.36666700,Adres
2275,Voorburg,,Leidschendam-Voorburg,Zuid-Holland,070,52.06666700,4.36666700,Adres
2280,Rijswijk,Rijswijk Zh,Rijswijk,Zuid-Holland,070,52.01666700,4.33333300,Postbus
2281,Rijswijk,Rijswijk Zh,Rijswijk,Zuid-Holland,070,52.01666700,4.33333300,Adres
2282,Rijswijk,Rijswijk Zh,Rijswijk,Zuid-Holland,070,52.01666700,4.33333300,Adres
2283,Rijswijk,Rijswijk Zh,Rijswijk,Zuid-Holland,070,52.01666700,4.33333300,Adres
2284,Rijswijk,Rijswijk Zh,Rijswijk,Zuid-Holland,070,52.01666700,4.33333300,Adres
2285,Rijswijk,Rijswijk Zh,Rijswijk,Zuid-Holland,070,52.01666700,4.33333300,Adres
2286,Rijswijk,Rijswijk Zh,Rijswijk,Zuid-Holland,070,52.01666700,4.33333300,Adres
2287,Rijswijk,Rijswijk Zh,Rijswijk,Zuid-Holland,070,52.01666700,4.33333300,Adres
2288,Rijswijk,Rijswijk Zh,Rijswijk,Zuid-Holland,070,52.01666700,4.33333300,Adres
2289,Rijswijk,Rijswijk Zh,Rijswijk,Zuid-Holland,070,52.01666700,4.33333300,Adres
2290,Wateringen,,Westland,Zuid-Holland,0174,52.03333300,4.28333300,Postbus
2291,Wateringen,,Westland,Zuid-Holland,0174,52.03333300,4.28333300,Adres
2292,Wateringen,,Westland,Zuid-Holland,0174,52.03333300,4.28333300,Adres
2295,Kwintsheul,,Westland,Zuid-Holland,0174,52.01666700,4.26666700,Adres
2300,Leiden,,Leiden,Zuid-Holland,071,52.15000000,4.50000000,Postbus
2301,Leiden,,Leiden,Zuid-Holland,071,52.15000000,4.50000000,Postbus
2302,Leiden,,Leiden,Zuid-Holland,071,52.15000000,4.50000000,Postbus
2303,Leiden,,Leiden,Zuid-Holland,071,52.15000000,4.50000000,Postbus
2311,Leiden,,Leiden,Zuid-Holland,071,52.15000000,4.50000000,Adres
2312,Leiden,,Leiden,Zuid-Holland,071,52.15000000,4.50000000,Adres
2313,Leiden,,Leiden,Zuid-Holland,071,52.15000000,4.50000000,Adres
2314,Leiden,,Leiden,Zuid-Holland,071,52.15000000,4.50000000,Adres
2315,Leiden,,Leiden,Zuid-Holland,071,52.15000000,4.50000000,Adres
2316,Leiden,,Leiden,Zuid-Holland,071,52.15000000,4.50000000,Adres
2317,Leiden,,Leiden,Zuid-Holland,071,52.15000000,4.50000000,Adres
2318,Leiden,,Leiden,Zuid-Holland,071,52.15000000,4.50000000,Adres
2321,Leiden,,Leiden,Zuid-Holland,071,52.15000000,4.50000000,Adres
2322,Leiden,,Leiden,Zuid-Holland,071,52.15000000,4.50000000,Adres
2323,Leiden,,Leiden,Zuid-Holland,071,52.15000000,4.50000000,Adres
2324,Leiden,,Leiden,Zuid-Holland,071,52.15000000,4.50000000,Adres
2331,Leiden,,Leiden,Zuid-Holland,071,52.15000000,4.50000000,Adres
2332,Leiden,,Leiden,Zuid-Holland,071,52.15000000,4.50000000,Adres
2333,Leiden,,Leiden,Zuid-Holland,071,52.15000000,4.50000000,Adres
2334,Leiden,,Leiden,Zuid-Holland,071,52.15000000,4.50000000,Adres
2340,Oegstgeest,,Oegstgeest,Zuid-Holland,071,52.18333300,4.46666700,Postbus
2341,Oegstgeest,,Oegstgeest,Zuid-Holland,071,52.18333300,4.46666700,Adres
2342,Oegstgeest,,Oegstgeest,Zuid-Holland,071,52.18333300,4.46666700,Adres
2343,Oegstgeest,,Oegstgeest,Zuid-Holland,071,52.18333300,4.46666700,Adres
2350,Leiderdorp,,Leiderdorp,Zuid-Holland,071,52.15000000,4.53333300,Adres + Postbus
2351,Leiderdorp,,Leiderdorp,Zuid-Holland,071,52.15000000,4.53333300,Adres
2352,Leiderdorp,,Leiderdorp,Zuid-Holland,071,52.15000000,4.53333300,Adres
2353,Leiderdorp,,Leiderdorp,Zuid-Holland,071,52.15000000,4.53333300,Adres
2355,Hoogmade,,Kaag en Braassem,Zuid-Holland,071,52.16666700,4.58333300,Adres
2360,Warmond,,Teylingen,Zuid-Holland,071,52.20000000,4.50000000,Postbus
2361,Warmond,,Teylingen,Zuid-Holland,071,52.20000000,4.50000000,Adres
2362,Warmond,,Teylingen,Zuid-Holland,071,52.20000000,4.50000000,Adres
2370,Roelofarendsveen,,Kaag en Braassem,Zuid-Holland,071,52.20000000,4.63333300,Postbus
2371,Roelofarendsveen,,Kaag en Braassem,Zuid-Holland,071,52.20000000,4.63333300,Adres
2374,Oud-Ade,OUD ADE,Kaag en Braassem,Zuid-Holland,071,52.20000000,4.56666700,Adres
2375,Rijpwetering,RYPWETERING,Kaag en Braassem,Zuid-Holland,071,52.20000000,4.58333300,Adres
2376,Nieuwe Wetering,,Kaag en Braassem,Zuid-Holland,071,52.20700000,4.61800000,Adres
2377,Oude Wetering,,Kaag en Braassem,Zuid-Holland,071,52.21615000,4.64239000,Adres
2380,Zoeterwoude,,Zoeterwoude,Zuid-Holland,071,52.11666700,4.50000000,Postbus
2381,Zoeterwoude,,Zoeterwoude,Zuid-Holland,071,52.11666700,4.50000000,Adres
2382,Zoeterwoude,,Zoeterwoude,Zuid-Holland,071,52.11666700,4.50000000,Adres
2390,Hazerswoude Dorp,,Rijnwoude,Zuid-Holland,0172,52.09675000,4.58268000,Postbus
2391,Hazerswoude Dorp,,Rijnwoude,Zuid-Holland,0172,52.09675000,4.58268000,Adres
2394,Hazerswoude Rijndijk,HAZERSWOUDE RYNDYK,Rijnwoude,Zuid-Holland,071,52.12867000,4.58818000,Adres + Postbus
2396,Koudekerk aan den Rijn,KOUDEKERK AD RYN,Rijnwoude,Zuid-Holland,071,52.13333300,4.60000000,Adres + Postbus
2400,Alphen aan den Rijn,ALPHEN AAN DEN RYN;Alphen a/d Rijn,Alphen aan den Rijn,Zuid-Holland,0172,52.13333300,4.66666700,Postbus
2401,Alphen aan den Rijn,ALPHEN AAN DEN RYN;Alphen a/d Rijn,Alphen aan den Rijn,Zuid-Holland,0172,52.13333300,4.66666700,Adres
2402,Alphen aan den Rijn,ALPHEN AAN DEN RYN;Alphen a/d Rijn,Alphen aan den Rijn,Zuid-Holland,0172,52.13333300,4.66666700,Adres
2403,Alphen aan den Rijn,ALPHEN AAN DEN RYN;Alphen a/d Rijn,Alphen aan den Rijn,Zuid-Holland,0172,52.13333300,4.66666700,Adres
2404,Alphen aan den Rijn,ALPHEN AAN DEN RYN;Alphen a/d Rijn,Alphen aan den Rijn,Zuid-Holland,0172,52.13333300,4.66666700,Adres
2405,Alphen aan den Rijn,ALPHEN AAN DEN RYN;Alphen a/d Rijn,Alphen aan den Rijn,Zuid-Holland,0172,52.13333300,4.66666700,Adres
2406,Alphen aan den Rijn,ALPHEN AAN DEN RYN;Alphen a/d Rijn,Alphen aan den Rijn,Zuid-Holland,0172,52.13333300,4.66666700,Adres
2407,Alphen aan den Rijn,ALPHEN AAN DEN RYN;Alphen a/d Rijn,Alphen aan den Rijn,Zuid-Holland,0172,52.13333300,4.66666700,Adres
2408,Alphen aan den Rijn,ALPHEN AAN DEN RYN;Alphen a/d Rijn,Alphen aan den Rijn,Zuid-Holland,0172,52.13333300,4.66666700,Adres
2409,Alphen aan den Rijn,ALPHEN AAN DEN RYN;Alphen a/d Rijn,Alphen aan den Rijn,Zuid-Holland,0172,52.13333300,4.66666700,Adres
2410,Bodegraven,,Bodegraven,Zuid-Holland,0172,52.08333300,4.75000000,Postbus
2411,Bodegraven,,Bodegraven,Zuid-Holland,0172,52.08333300,4.75000000,Adres
2415,Nieuwerbrug,,Bodegraven,Zuid-Holland,0348,52.08333300,4.81666700,Adres
2420,Nieuwkoop,,Nieuwkoop,Zuid-Holland,0172,52.15000000,4.78333300,Postbus
2421,Nieuwkoop,,Nieuwkoop,Zuid-Holland,0172,52.15000000,4.78333300,Adres
2430,Noorden,,Nieuwkoop,Zuid-Holland,0172,52.16463000,4.83000000,Postbus
2431,Noorden,,Nieuwkoop,Zuid-Holland,0172,52.16463000,4.83000000,Adres
2432,Noorden,,Nieuwkoop,Zuid-Holland,0172,52.16463000,4.83000000,Adres
2435,Zevenhoven,,Nieuwkoop,Zuid-Holland,0172,52.18250000,4.77888889,Adres
2440,Nieuwveen,,Nieuwkoop,Zuid-Holland,0172,52.19750000,4.75660000,Postbus
2441,Nieuwveen,,Nieuwkoop,Zuid-Holland,0172,52.19750000,4.75660000,Adres
2445,Aarlanderveen,,Alphen aan den Rijn,Zuid-Holland,0172,52.13333300,4.73333300,Adres
2450,Leimuiden,,Kaag en Braassem,Zuid-Holland,0172,52.21666700,4.66666700,Adres + Postbus
2451,Leimuiden,,Kaag en Braassem,Zuid-Holland,0172,52.21666700,4.66666700,Adres
2460,Ter Aar,,Nieuwkoop,Zuid-Holland,0172,52.16666700,4.71666700,Postbus
2461,Ter Aar,,Nieuwkoop,Zuid-Holland,0172,52.16666700,4.71666700,Adres
2465,Rijnsaterwoude,RYNSATERWOUDE,Kaag en Braassem,Zuid-Holland,0172,52.20000000,4.66666700,Adres
2470,Zwammerdam,,Alphen aan den Rijn,Zuid-Holland,0172,52.10000000,4.73333300,Postbus
2471,Zwammerdam,,Alphen aan den Rijn,Zuid-Holland,0172,52.10000000,4.73333300,Adres
2480,Woubrugge,,Kaag en Braassem,Zuid-Holland,0172,52.16666700,4.63333300,Postbus
2481,Woubrugge,,Kaag en Braassem,Zuid-Holland,0172,52.16666700,4.63333300,Adres
2490,Den Haag,S GRAVENHAGE;'s-Gravenhage,Den Haag,Zuid-Holland,070,52.07670000,4.29860000,Postbus
2491,Den Haag,S GRAVENHAGE;'s-Gravenhage,Den Haag,Zuid-Holland,070,52.07670000,4.29860000,Adres
2492,Den Haag,S GRAVENHAGE;'s-Gravenhage,Den Haag,Zuid-Holland,070,52.07670000,4.29860000,Adres
2493,Den Haag,S GRAVENHAGE;'s-Gravenhage,Den Haag,Zuid-Holland,070,52.07670000,4.29860000,Adres
2495,Den Haag,S GRAVENHAGE;'s-Gravenhage,Den Haag,Zuid-Holland,070,52.07670000,4.29860000,Adres
2496,Den Haag,S GRAVENHAGE;'s-Gravenhage,Den Haag,Zuid-Holland,070,52.07670000,4.29860000,Adres
2497,Den Haag,S GRAVENHAGE;'s-Gravenhage,Den Haag,Zuid-Holland,070,52.07670000,4.29860000,Adres
2498,Den Haag,S GRAVENHAGE;'s-Gravenhage,Den Haag,Zuid-Holland,070,52.07670000,4.29860000,Adres
2500,Den Haag,S GRAVENHAGE;'s-Gravenhage,Den Haag,Zuid-Holland,070,52.07670000,4.29860000,Postbus
2501,Den Haag,S GRAVENHAGE;'s-Gravenhage,Den Haag,Zuid-Holland,070,52.07670000,4.29860000,Postbus
2502,Den Haag,S GRAVENHAGE;'s-Gravenhage,Den Haag,Zuid-Holland,070,52.07670000,4.29860000,Postbus
2503,Den Haag,S GRAVENHAGE;'s-Gravenhage,Den Haag,Zuid-Holland,070,52.07670000,4.29860000,Postbus
2504,Den Haag,S GRAVENHAGE;'s-Gravenhage,Den Haag,Zuid-Holland,070,52.07670000,4.29860000,Postbus
2505,Den Haag,S GRAVENHAGE;'s-Gravenhage,Den Haag,Zuid-Holland,070,52.07670000,4.29860000,Postbus
2506,Den Haag,S GRAVENHAGE;'s-Gravenhage,Den Haag,Zuid-Holland,070,52.07670000,4.29860000,Postbus
2507,Den Haag,S GRAVENHAGE;'s-Gravenhage,Den Haag,Zuid-Holland,070,52.07670000,4.29860000,Postbus
2508,Den Haag,S GRAVENHAGE;'s-Gravenhage,Den Haag,Zuid-Holland,070,52.07670000,4.29860000,Postbus
2509,Den Haag,S GRAVENHAGE;'s-Gravenhage,Den Haag,Zuid-Holland,070,52.07670000,4.29860000,Postbus
2511,Den Haag,S GRAVENHAGE;'s-Gravenhage,Den Haag,Zuid-Holland,070,52.07670000,4.29860000,Adres
2512,Den Haag,S GRAVENHAGE;'s-Gravenhage,Den Haag,Zuid-Holland,070,52.07670000,4.29860000,Adres
2513,Den Haag,S GRAVENHAGE;'s-Gravenhage,Den Haag,Zuid-Holland,070,52.07670000,4.29860000,Adres
2514,Den Haag,S GRAVENHAGE;'s-Gravenhage,Den Haag,Zuid-Holland,070,52.07670000,4.29860000,Adres
2515,Den Haag,S GRAVENHAGE;'s-Gravenhage,Den Haag,Zuid-Holland,070,52.07670000,4.29860000,Adres
2516,Den Haag,S GRAVENHAGE;'s-Gravenhage,Den Haag,Zuid-Holland,070,52.07670000,4.29860000,Adres
2517,Den Haag,S GRAVENHAGE;'s-Gravenhage,Den Haag,Zuid-Holland,070,52.07670000,4.29860000,Adres
2518,Den Haag,S GRAVENHAGE;'s-Gravenhage,Den Haag,Zuid-Holland,070,52.07670000,4.29860000,Adres
2521,Den Haag,S GRAVENHAGE;'s-Gravenhage,Den Haag,Zuid-Holland,070,52.07670000,4.29860000,Adres
2522,Den Haag,S GRAVENHAGE;'s-Gravenhage,Den Haag,Zuid-Holland,070,52.07670000,4.29860000,Adres
2523,Den Haag,S GRAVENHAGE;'s-Gravenhage,Den Haag,Zuid-Holland,070,52.07670000,4.29860000,Adres
2524,Den Haag,S GRAVENHAGE;'s-Gravenhage,Den Haag,Zuid-Holland,070,52.07670000,4.29860000,Adres
2525,Den Haag,S GRAVENHAGE;'s-Gravenhage,Den Haag,Zuid-Holland,070,52.07670000,4.29860000,Adres
2526,Den Haag,S GRAVENHAGE;'s-Gravenhage,Den Haag,Zuid-Holland,070,52.07670000,4.29860000,Adres
2531,Den Haag,S GRAVENHAGE;'s-Gravenhage,Den Haag,Zuid-Holland,070,52.07670000,4.29860000,Adres
2532,Den Haag,S GRAVENHAGE;'s-Gravenhage,Den Haag,Zuid-Holland,070,52.07670000,4.29860000,Adres
2533,Den Haag,S GRAVENHAGE;'s-Gravenhage,Den Haag,Zuid-Holland,070,52.07670000,4.29860000,Adres
2541,Den Haag,S GRAVENHAGE;'s-Gravenhage,Den Haag,Zuid-Holland,070,52.07670000,4.29860000,Adres
2542,Den Haag,S GRAVENHAGE;'s-Gravenhage,Den Haag,Zuid-Holland,070,52.07670000,4.29860000,Adres
2543,Den Haag,S GRAVENHAGE;'s-Gravenhage,Den Haag,Zuid-Holland,070,52.07670000,4.29860000,Adres
2544,Den Haag,S GRAVENHAGE;'s-Gravenhage,Den Haag,Zuid-Holland,070,52.07670000,4.29860000,Adres
2545,Den Haag,S GRAVENHAGE;'s-Gravenhage,Den Haag,Zuid-Holland,070,52.07670000,4.29860000,Adres
2546,Den Haag,S GRAVENHAGE;'s-Gravenhage,Den Haag,Zuid-Holland,070,52.07670000,4.29860000,Adres
2547,Den Haag,S GRAVENHAGE;'s-Gravenhage,Den Haag,Zuid-Holland,070,52.07670000,4.29860000,Adres
2548,Den Haag,S GRAVENHAGE;'s-Gravenhage,Den Haag,Zuid-Holland,070,52.07670000,4.29860000,Adres
2551,Den Haag,S GRAVENHAGE;'s-Gravenhage,Den Haag,Zuid-Holland,070,52.07670000,4.29860000,Adres
2552,Den Haag,S GRAVENHAGE;'s-Gravenhage,Den Haag,Zuid-Holland,070,52.07670000,4.29860000,Adres
2553,Den Haag,S GRAVENHAGE;'s-Gravenhage,Den Haag,Zuid-Holland,070,52.07670000,4.29860000,Adres
2554,Den Haag,S GRAVENHAGE;'s-Gravenhage,Den Haag,Zuid-Holland,070,52.07670000,4.29860000,Adres
2555,Den Haag,S GRAVENHAGE;'s-Gravenhage,Den Haag,Zuid-Holland,070,52.07670000,4.29860000,Adres
2561,Den Haag,S GRAVENHAGE;'s-Gravenhage,Den Haag,Zuid-Holland,070,52.07670000,4.29860000,Adres
2562,Den Haag,S GRAVENHAGE;'s-Gravenhage,Den Haag,Zuid-Holland,070,52.07670000,4.29860000,Adres
2563,Den Haag,S GRAVENHAGE;'s-Gravenhage,Den Haag,Zuid-Holland,070,52.07670000,4.29860000,Adres
2564,Den Haag,S GRAVENHAGE;'s-Gravenhage,Den Haag,Zuid-Holland,070,52.07670000,4.29860000,Adres
2565,Den Haag,S GRAVENHAGE;'s-Gravenhage,Den Haag,Zuid-Holland,070,52.07670000,4.29860000,Adres
2566,Den Haag,S GRAVENHAGE;'s-Gravenhage,Den Haag,Zuid-Holland,070,52.07670000,4.29860000,Adres
2571,Den Haag,S GRAVENHAGE;'s-Gravenhage,Den Haag,Zuid-Holland,070,52.07670000,4.29860000,Adres
2572,Den Haag,S GRAVENHAGE;'s-Gravenhage,Den Haag,Zuid-Holland,070,52.07670000,4.29860000,Adres
2573,Den Haag,S GRAVENHAGE;'s-Gravenhage,Den Haag,Zuid-Holland,070,52.07670000,4.29860000,Adres
2574,Den Haag,S GRAVENHAGE;'s-Gravenhage,Den Haag,Zuid-Holland,070,52.07670000,4.29860000,Adres
2581,Den Haag,S GRAVENHAGE;'s-Gravenhage,Den Haag,Zuid-Holland,070,52.07670000,4.29860000,Adres
2582,Den Haag,S GRAVENHAGE;'s-Gravenhage,Den Haag,Zuid-Holland,070,52.07670000,4.29860000,Adres
2583,Den Haag,S GRAVENHAGE;'s-Gravenhage,Den Haag,Zuid-Holland,070,52.07670000,4.29860000,Adres
2584,Den Haag,S GRAVENHAGE;'s-Gravenhage,Den Haag,Zuid-Holland,070,52.07670000,4.29860000,Adres
2585,Den Haag,S GRAVENHAGE;'s-Gravenhage,Den Haag,Zuid-Holland,070,52.07670000,4.29860000,Adres
2586,Den Haag,S GRAVENHAGE;'s-Gravenhage,Den Haag,Zuid-Holland,070,52.07670000,4.29860000,Adres
2587,Den Haag,S GRAVENHAGE;'s-Gravenhage,Den Haag,Zuid-Holland,070,52.07670000,4.29860000,Adres
2591,Den Haag,S GRAVENHAGE;'s-Gravenhage,Den Haag,Zuid-Holland,070,52.07670000,4.29860000,Adres
2592,Den Haag,S GRAVENHAGE;'s-Gravenhage,Den Haag,Zuid-Holland,070,52.07670000,4.29860000,Adres
2593,Den Haag,S GRAVENHAGE;'s-Gravenhage,Den Haag,Zuid-Holland,070,52.07670000,4.29860000,Adres
2594,Den Haag,S GRAVENHAGE;'s-Gravenhage,Den Haag,Zuid-Holland,070,52.07670000,4.29860000,Adres
2595,Den Haag,S GRAVENHAGE;'s-Gravenhage,Den Haag,Zuid-Holland,070,52.07670000,4.29860000,Adres
2596,Den Haag,S GRAVENHAGE;'s-Gravenhage,Den Haag,Zuid-Holland,070,52.07670000,4.29860000,Adres
2597,Den Haag,S GRAVENHAGE;'s-Gravenhage,Den Haag,Zuid-Holland,070,52.07670000,4.29860000,Adres
2600,Delft,,Delft,Zuid-Holland,015,52.00000000,4.36666700,Adres + Postbus
2601,Delft,,Delft,Zuid-Holland,015,52.00000000,4.36666700,Postbus
2611,Delft,,Delft,Zuid-Holland,015,52.00000000,4.36666700,Adres
2612,Delft,,Delft,Zuid-Holland,015,52.00000000,4.36666700,Adres
2613,Delft,,Delft,Zuid-Holland,015,52.00000000,4.36666700,Adres
2614,Delft,,Delft,Zuid-Holland,015,52.00000000,4.36666700,Adres
2616,Delft,,Delft,Zuid-Holland,015,52.00000000,4.36666700,Adres
2622,Delft,,Delft,Zuid-Holland,015,52.00000000,4.36666700,Adres
2623,Delft,,Delft,Zuid-Holland,015,52.00000000,4.36666700,Adres
2624,Delft,,Delft,Zuid-Holland,015,52.00000000,4.36666700,Adres
2625,Delft,,Delft,Zuid-Holland,015,52.00000000,4.36666700,Adres
2626,Delft,,Delft,Zuid-Holland,015,52.00000000,4.36666700,Adres
2627,Delft,,Delft,Zuid-Holland,015,52.00000000,4.36666700,Adres
2628,Delft,,Delft,Zuid-Holland,015,52.00000000,4.36666700,Adres
2629,Delft,,Delft,Zuid-Holland,015,52.00000000,4.36666700,Adres
2630,Nootdorp,,Pijnacker-Nootdorp,Zuid-Holland,015,52.03333300,4.40000000,Postbus
2631,Nootdorp,,Pijnacker-Nootdorp,Zuid-Holland,015,52.03333300,4.40000000,Adres
2632,Nootdorp,,Pijnacker-Nootdorp,Zuid-Holland,015,52.03333300,4.40000000,Adres
2635,Den Hoorn,,Midden-Delfland,Zuid-Holland,015,53.02500000,4.75111111,Adres
2636,Schipluiden,,Midden-Delfland,Zuid-Holland,015,51.98333300,4.31666700,Adres + Postbus
2640,Pijnacker,PYNACKER,Pijnacker-Nootdorp,Zuid-Holland,015,52.01666700,4.43333300,Postbus
2641,Pijnacker,PYNACKER,Pijnacker-Nootdorp,Zuid-Holland,015,52.01666700,4.43333300,Adres
2642,Pijnacker,PYNACKER,Pijnacker-Nootdorp,Zuid-Holland,015,52.01666700,4.43333300,Adres
2643,Pijnacker,PYNACKER,Pijnacker-Nootdorp,Zuid-Holland,015,52.01666700,4.43333300,Adres
2645,Delfgauw,,Pijnacker-Nootdorp,Zuid-Holland,015,52.00000000,4.40000000,Adres
2650,Berkel en Rodenrijs,BERKEL EN RODENRYS,Lansingerland,Zuid-Holland,010,51.99289000,4.47830000,Postbus
2651,Berkel en Rodenrijs,BERKEL EN RODENRYS,Lansingerland,Zuid-Holland,010,51.99289000,4.47830000,Adres
2652,Berkel en Rodenrijs,BERKEL EN RODENRYS,Lansingerland,Zuid-Holland,010,51.99289000,4.47830000,Adres
2660,Bergschenhoek,,Lansingerland,Zuid-Holland,010,51.98333300,4.50000000,Postbus
2661,Bergschenhoek,,Lansingerland,Zuid-Holland,010,51.98333300,4.50000000,Adres
2662,Bergschenhoek,,Lansingerland,Zuid-Holland,010,51.98333300,4.50000000,Adres
2665,Bleiswijk,BLEISWYK,Lansingerland,Zuid-Holland,010,52.01666700,4.53333300,Adres + Postbus
2670,Naaldwijk,NAALDWYK,Westland,Zuid-Holland,0174,52.00000000,4.20000000,Postbus
2671,Naaldwijk,NAALDWYK,Westland,Zuid-Holland,0174,52.00000000,4.20000000,Adres
2672,Naaldwijk,NAALDWYK,Westland,Zuid-Holland,0174,52.00000000,4.20000000,Adres
2673,Naaldwijk,NAALDWYK,Westland,Zuid-Holland,0174,52.00000000,4.20000000,Adres
2675,Honselersdijk,HONSELERSDYK,Westland,Zuid-Holland,0174,52.00000000,4.23333300,Adres + Postbus
2676,Maasdijk,,Westland,Zuid-Holland,0174,51.95920000,4.21390000,Adres
2678,De Lier,,Westland,Zuid-Holland,0174,51.96666700,4.26666700,Adres + Postbus
2680,Monster,,Westland,Zuid-Holland,0174,52.03333300,4.18333300,Postbus
2681,Monster,,Westland,Zuid-Holland,0174,52.03333300,4.18333300,Adres
2684,Ter Heijde,TER HEYDE,Westland,Zuid-Holland,0174,52.03333300,4.16666700,Adres
2685,Poeldijk,POELDYK,Westland,Zuid-Holland,0174,52.01666700,4.21666700,Adres + Postbus
2690,'s-Gravenzande,S GRAVENZANDE,Westland,Zuid-Holland,0174,52.00352000,4.16072000,Postbus
2691,'s-Gravenzande,S GRAVENZANDE,Westland,Zuid-Holland,0174,52.00352000,4.16072000,Adres
2692,'s-Gravenzande,S GRAVENZANDE,Westland,Zuid-Holland,0174,52.00352000,4.16072000,Adres
2693,'s-Gravenzande,S GRAVENZANDE,Westland,Zuid-Holland,0174,52.00352000,4.16072000,Adres
2694,'s-Gravenzande,S GRAVENZANDE,Westland,Zuid-Holland,0174,52.00352000,4.16072000,Adres
2700,Zoetermeer,,Zoetermeer,Zuid-Holland,079,52.05000000,4.50000000,Postbus
2701,Zoetermeer,,Zoetermeer,Zuid-Holland,079,52.05000000,4.50000000,Postbus
2702,Zoetermeer,,Zoetermeer,Zuid-Holland,079,52.05000000,4.50000000,Postbus
2711,Zoetermeer,,Zoetermeer,Zuid-Holland,079,52.05000000,4.50000000,Adres
2712,Zoetermeer,,Zoetermeer,Zuid-Holland,079,52.05000000,4.50000000,Adres
2713,Zoetermeer,,Zoetermeer,Zuid-Holland,079,52.05000000,4.50000000,Adres
2715,Zoetermeer,,Zoetermeer,Zuid-Holland,079,52.05000000,4.50000000,Adres
2716,Zoetermeer,,Zoetermeer,Zuid-Holland,079,52.05000000,4.50000000,Adres
2717,Zoetermeer,,Zoetermeer,Zuid-Holland,079,52.05000000,4.50000000,Adres
2718,Zoetermeer,,Zoetermeer,Zuid-Holland,079,52.05000000,4.50000000,Adres
2719,Zoetermeer,,Zoetermeer,Zuid-Holland,079,52.05000000,4.50000000,Adres
2721,Zoetermeer,,Zoetermeer,Zuid-Holland,079,52.05000000,4.50000000,Adres
2722,Zoetermeer,,Zoetermeer,Zuid-Holland,079,52.05000000,4.50000000,Adres
2723,Zoetermeer,,Zoetermeer,Zuid-Holland,079,52.05000000,4.50000000,Adres
2724,Zoetermeer,,Zoetermeer,Zuid-Holland,079,52.05000000,4.50000000,Adres
2725,Zoetermeer,,Zoetermeer,Zuid-Holland,079,52.05000000,4.50000000,Adres
2726,Zoetermeer,,Zoetermeer,Zuid-Holland,079,52.05000000,4.50000000,Adres
2727,Zoetermeer,,Zoetermeer,Zuid-Holland,079,52.05000000,4.50000000,Adres
2728,Zoetermeer,,Zoetermeer,Zuid-Holland,079,52.05000000,4.50000000,Adres
2729,Zoetermeer,,Zoetermeer,Zuid-Holland,079,52.05000000,4.50000000,Adres
2730,Benthuizen,,Rijnwoude,Zuid-Holland,079,52.08333300,4.55000000,Postbus
2731,Benthuizen,,Rijnwoude,Zuid-Holland,079,52.08333300,4.55000000,Adres
2735,Gelderswoude,,Zoeterwoude,Zuid-Holland,079,52.10000000,4.53333300,Adres
2740,Waddinxveen,,Waddinxveen,Zuid-Holland,0182,52.05000000,4.65000000,Adres + Postbus
2741,Waddinxveen,,Waddinxveen,Zuid-Holland,0182,52.05000000,4.65000000,Adres
2742,Waddinxveen,,Waddinxveen,Zuid-Holland,0182,52.05000000,4.65000000,Adres
2743,Waddinxveen,,Waddinxveen,Zuid-Holland,0182,52.05000000,4.65000000,Adres
2750,Moerkapelle,,Zuidplas,Zuid-Holland,079,52.05000000,4.58333300,Postbus
2751,Moerkapelle,,Zuidplas,Zuid-Holland,079,52.05000000,4.58333300,Adres
2752,Moerkapelle,,Zuidplas,Zuid-Holland,079,52.05000000,4.58333300,Adres
2760,Zevenhuizen,,Zuidplas,Zuid-Holland,0180,52.01119700,4.58061200,Postbus
2761,Zevenhuizen,,Zuidplas,Zuid-Holland,0180,52.01119700,4.58061200,Adres
2770,Boskoop,,Boskoop,Zuid-Holland,0172,52.06666700,4.66666700,Postbus
2771,Boskoop,,Boskoop,Zuid-Holland,0172,52.06666700,4.66666700,Adres
2800,Gouda,,Gouda,Zuid-Holland,0182,52.02000000,4.70000000,Adres + Postbus
2801,Gouda,,Gouda,Zuid-Holland,0182,52.02000000,4.70000000,Adres
2802,Gouda,,Gouda,Zuid-Holland,0182,52.02000000,4.70000000,Adres
2803,Gouda,,Gouda,Zuid-Holland,0182,52.02000000,4.70000000,Adres
2804,Gouda,,Gouda,Zuid-Holland,0182,52.02000000,4.70000000,Adres
2805,Gouda,,Gouda,Zuid-Holland,0182,52.02000000,4.70000000,Adres
2806,Gouda,,Gouda,Zuid-Holland,0182,52.02000000,4.70000000,Adres
2807,Gouda,,Gouda,Zuid-Holland,0182,52.02000000,4.70000000,Adres
2808,Gouda,,Gouda,Zuid-Holland,0182,52.02000000,4.70000000,Adres
2809,Gouda,,Gouda,Zuid-Holland,0182,52.02000000,4.70000000,Adres
2810,Reeuwijk,REEUWYK,Reeuwijk,Zuid-Holland,0182,52.05000000,4.71666700,Postbus
2811,Reeuwijk,REEUWYK,Reeuwijk,Zuid-Holland,0182,52.05000000,4.71666700,Adres
2820,Stolwijk,STOLWYK,Vlist,Zuid-Holland,0182,51.96666700,4.76666700,Postbus
2821,Stolwijk,STOLWYK,Vlist,Zuid-Holland,0182,51.96666700,4.76666700,Adres
2825,Berkenwoude,,Bergambacht,Zuid-Holland,0182,51.95000000,4.71666700,Adres
2830,Gouderak,,Ouderkerk,Zuid-Holland,0182,51.98333300,4.68333300,Postbus
2831,Gouderak,,Ouderkerk,Zuid-Holland,0182,51.98333300,4.68333300,Adres
2840,Moordrecht,,Zuidplas,Zuid-Holland,0182,51.98333300,4.66666700,Postbus
2841,Moordrecht,,Zuidplas,Zuid-Holland,0182,51.98333300,4.66666700,Adres
2850,Haastrecht,,Vlist,Zuid-Holland,0182,52.00000000,4.78333300,Postbus
2851,Haastrecht,,Vlist,Zuid-Holland,0182,52.00000000,4.78333300,Adres
2855,Vlist,,Vlist,Zuid-Holland,0182,51.95000000,4.85000000,Adres
2860,Bergambacht,,Bergambacht,Zuid-Holland,0182,51.93333300,4.78333300,Postbus
2861,Bergambacht,,Bergambacht,Zuid-Holland,0182,51.93333300,4.78333300,Adres
2865,Ammerstol,,Bergambacht,Zuid-Holland,0182,51.93333300,4.81666700,Adres
2870,Schoonhoven,,Schoonhoven,Zuid-Holland,0182,51.95000000,4.85000000,Postbus
2871,Schoonhoven,,Schoonhoven,Zuid-Holland,0182,51.95000000,4.85000000,Adres
2900,Capelle aan den IJssel,CAPELLE AD YSSEL;Capelle a/d Ijssel,Capelle aan den IJssel,Zuid-Holland,010,51.93000000,4.58000000,Postbus
2901,Capelle aan den IJssel,CAPELLE AD YSSEL;Capelle a/d Ijssel,Capelle aan den IJssel,Zuid-Holland,010,51.93000000,4.58000000,Adres
2902,Capelle aan den IJssel,CAPELLE AD YSSEL;Capelle a/d Ijssel,Capelle aan den IJssel,Zuid-Holland,010,51.93000000,4.58000000,Adres
2903,Capelle aan den IJssel,CAPELLE AD YSSEL;Capelle a/d Ijssel,Capelle aan den IJssel,Zuid-Holland,010,51.93000000,4.58000000,Adres
2904,Capelle aan den IJssel,CAPELLE AD YSSEL;Capelle a/d Ijssel,Capelle aan den IJssel,Zuid-Holland,010,51.93000000,4.58000000,Adres
2905,Capelle aan den IJssel,CAPELLE AD YSSEL;Capelle a/d Ijssel,Capelle aan den IJssel,Zuid-Holland,010,51.93000000,4.58000000,Adres
2906,Capelle aan den IJssel,CAPELLE AD YSSEL;Capelle a/d Ijssel,Capelle aan den IJssel,Zuid-Holland,010,51.93000000,4.58000000,Adres
2907,Capelle aan den IJssel,CAPELLE AD YSSEL;Capelle a/d Ijssel,Capelle aan den IJssel,Zuid-Holland,010,51.93000000,4.58000000,Adres
2908,Capelle aan den IJssel,CAPELLE AD YSSEL;Capelle a/d Ijssel,Capelle aan den IJssel,Zuid-Holland,010,51.93000000,4.58000000,Adres
2909,Capelle aan den IJssel,CAPELLE AD YSSEL;Capelle a/d Ijssel,Capelle aan den IJssel,Zuid-Holland,010,51.93000000,4.58000000,Adres
2910,Nieuwerkerk aan den IJssel,NIEUWERKERK YSSEL,Zuidplas,Zuid-Holland,0180,51.96666700,4.61666700,Postbus
2911,Nieuwerkerk aan den IJssel,NIEUWERKERK YSSEL,Zuidplas,Zuid-Holland,0180,51.96666700,4.61666700,Adres
2912,Nieuwerkerk aan den IJssel,NIEUWERKERK YSSEL,Zuidplas,Zuid-Holland,0180,51.96666700,4.61666700,Adres
2913,Nieuwerkerk aan den IJssel,NIEUWERKERK YSSEL,Zuidplas,Zuid-Holland,0180,51.96666700,4.61666700,Adres
2914,Nieuwerkerk aan den IJssel,NIEUWERKERK YSSEL,Zuidplas,Zuid-Holland,0180,51.96666700,4.61666700,Adres
2920,Krimpen aan den IJssel,KRIMPEN AD YSSEL;Krimpen a/d IJssel,Krimpen aan den IJssel,Zuid-Holland,0180,51.91666700,4.60000000,Postbus
2921,Krimpen aan den IJssel,KRIMPEN AD YSSEL;Krimpen a/d IJssel,Krimpen aan den IJssel,Zuid-Holland,0180,51.91666700,4.60000000,Adres
2922,Krimpen aan den IJssel,KRIMPEN AD YSSEL;Krimpen a/d IJssel,Krimpen aan den IJssel,Zuid-Holland,0180,51.91666700,4.60000000,Adres
2923,Krimpen aan den IJssel,KRIMPEN AD YSSEL;Krimpen a/d IJssel,Krimpen aan den IJssel,Zuid-Holland,0180,51.91666700,4.60000000,Adres
2924,Krimpen aan den IJssel,KRIMPEN AD YSSEL;Krimpen a/d IJssel,Krimpen aan den IJssel,Zuid-Holland,0180,51.91666700,4.60000000,Adres
2925,Krimpen aan den IJssel,KRIMPEN AD YSSEL;Krimpen a/d IJssel,Krimpen aan den IJssel,Zuid-Holland,0180,51.91666700,4.60000000,Adres
2926,Krimpen aan den IJssel,KRIMPEN AD YSSEL;Krimpen a/d IJssel,Krimpen aan den IJssel,Zuid-Holland,0180,51.91666700,4.60000000,Adres
2930,Krimpen aan de Lek,,Nederlek,Zuid-Holland,0180,51.90000000,4.63333300,Postbus
2931,Krimpen aan de Lek,,Nederlek,Zuid-Holland,0180,51.90000000,4.63333300,Adres
2935,Ouderkerk aan den IJssel,OUDERKERK AD YSSEL,Ouderkerk,Zuid-Holland,0180,51.93333300,4.63333300,Adres + Postbus
2940,Lekkerkerk,,Nederlek,Zuid-Holland,0180,51.90000000,4.68333300,Postbus
2941,Lekkerkerk,,Nederlek,Zuid-Holland,0180,51.90000000,4.68333300,Adres
2950,Alblasserdam,,Alblasserdam,Zuid-Holland,078,51.86666700,4.66666700,Postbus
2951,Alblasserdam,,Alblasserdam,Zuid-Holland,078,51.86666700,4.66666700,Adres
2952,Alblasserdam,,Alblasserdam,Zuid-Holland,078,51.86666700,4.66666700,Adres
2953,Alblasserdam,,Alblasserdam,Zuid-Holland,078,51.86666700,4.66666700,Adres
2954,Alblasserdam,,Alblasserdam,Zuid-Holland,078,51.86666700,4.66666700,Adres
2957,Nieuw-Lekkerland,NIEUW LEKKERLAND,Nieuw-Lekkerland,Zuid-Holland,0184,51.88333300,4.66666700,Adres + Postbus
2959,Streefkerk,,Liesveld,Zuid-Holland,0184,51.90000000,4.75000000,Adres
2960,Kinderdijk,,Nieuw-Lekkerland,Zuid-Holland,078,51.88872000,4.63490000,Postbus
2961,Kinderdijk,,Nieuw-Lekkerland,Zuid-Holland,078,51.88872000,4.63490000,Adres
2964,Groot-Ammers,GROOT AMMERS,Liesveld,Zuid-Holland,0184,51.91666700,4.81666700,Adres + Postbus
2965,Nieuwpoort,,Liesveld,Zuid-Holland,0184,51.93333300,4.86666700,Adres
2967,Langerak,,Liesveld,Zuid-Holland,0184,51.93333300,4.90000000,Adres
2968,Waal,,Liesveld,Zuid-Holland,0184,51.83333300,4.55000000,Adres
2969,Oud-Alblas,OUD ALBLAS,Graafstroom,Zuid-Holland,0184,51.85000000,4.70000000,Adres
2970,Bleskensgraaf,BLESKENSGRAAF CA,Graafstroom,Zuid-Holland,0184,51.86666700,4.78333300,Postbus
2971,Bleskensgraaf,BLESKENSGRAAF CA,Graafstroom,Zuid-Holland,0184,51.86666700,4.78333300,Adres
2973,Molenaarsgraaf,,Graafstroom,Zuid-Holland,0184,51.88333300,4.83333300,Adres
2974,Brandwijk,BRANDWYK,Graafstroom,Zuid-Holland,0184,51.88333300,4.81666700,Adres
2975,Ottoland,,Graafstroom,Zuid-Holland,0184,51.90000000,4.88333300,Adres
2977,Goudriaan,,Graafstroom,Zuid-Holland,0183,51.90000000,4.90000000,Adres + Postbus
2980,Ridderkerk,,Ridderkerk,Zuid-Holland,0180,51.86666700,4.60000000,Postbus
2981,Ridderkerk,,Ridderkerk,Zuid-Holland,0180,51.86666700,4.60000000,Adres
2982,Ridderkerk,,Ridderkerk,Zuid-Holland,0180,51.86666700,4.60000000,Adres
2983,Ridderkerk,,Ridderkerk,Zuid-Holland,0180,51.86666700,4.60000000,Adres
2984,Ridderkerk,,Ridderkerk,Zuid-Holland,0180,51.86666700,4.60000000,Adres
2985,Ridderkerk,,Ridderkerk,Zuid-Holland,0180,51.86666700,4.60000000,Adres
2986,Ridderkerk,,Ridderkerk,Zuid-Holland,0180,51.86666700,4.60000000,Adres
2987,Ridderkerk,,Ridderkerk,Zuid-Holland,0180,51.86666700,4.60000000,Adres
2988,Ridderkerk,,Ridderkerk,Zuid-Holland,0180,51.86666700,4.60000000,Adres
2989,Ridderkerk,,Ridderkerk,Zuid-Holland,0180,51.86666700,4.60000000,Adres
2990,Barendrecht,,Barendrecht,Zuid-Holland,0180,51.85000000,4.55000000,Postbus
2991,Barendrecht,,Barendrecht,Zuid-Holland,0180,51.85278000,4.54657000,Adres
2992,Barendrecht,,Barendrecht,Zuid-Holland,0180,51.85000000,4.55000000,Adres
2993,Barendrecht,,Barendrecht,Zuid-Holland,0180,51.85000000,4.55000000,Adres
2994,Barendrecht,,Barendrecht,Zuid-Holland,0180,51.85000000,4.55000000,Adres
2995,Heerjansdam,,Zwijndrecht,Zuid-Holland,078,51.83333300,4.56666700,Adres + Postbus
3000,Rotterdam,,Rotterdam,Zuid-Holland,010,51.92166700,4.48111100,Postbus
3001,Rotterdam,,Rotterdam,Zuid-Holland,010,51.92166700,4.48111100,Postbus
3002,Rotterdam,,Rotterdam,Zuid-Holland,010,51.92166700,4.48111100,Postbus
3003,Rotterdam,,Rotterdam,Zuid-Holland,010,51.92166700,4.48111100,Postbus
3004,Rotterdam,,Rotterdam,Zuid-Holland,010,51.92166700,4.48111100,Postbus
3005,Rotterdam,,Rotterdam,Zuid-Holland,010,51.92166700,4.48111100,Postbus
3006,Rotterdam,,Rotterdam,Zuid-Holland,010,51.92166700,4.48111100,Postbus
3007,Rotterdam,,Rotterdam,Zuid-Holland,010,51.92166700,4.48111100,Postbus
3008,Rotterdam,,Rotterdam,Zuid-Holland,010,51.92166700,4.48111100,Postbus
3009,Rotterdam,,Rotterdam,Zuid-Holland,010,51.92166700,4.48111100,Postbus
3011,Rotterdam,,Rotterdam,Zuid-Holland,010,51.92166700,4.48111100,Adres
3012,Rotterdam,,Rotterdam,Zuid-Holland,010,51.92166700,4.48111100,Adres
3013,Rotterdam,,Rotterdam,Zuid-Holland,010,51.92166700,4.48111100,Adres
3014,Rotterdam,,Rotterdam,Zuid-Holland,010,51.92166700,4.48111100,Adres
3015,Rotterdam,,Rotterdam,Zuid-Holland,010,51.92166700,4.48111100,Adres
3016,Rotterdam,,Rotterdam,Zuid-Holland,010,51.92166700,4.48111100,Adres
3021,Rotterdam,,Rotterdam,Zuid-Holland,010,51.92166700,4.48111100,Adres
3022,Rotterdam,,Rotterdam,Zuid-Holland,010,51.92166700,4.48111100,Adres
3023,Rotterdam,,Rotterdam,Zuid-Holland,010,51.92166700,4.48111100,Adres
3024,Rotterdam,,Rotterdam,Zuid-Holland,010,51.92166700,4.48111100,Adres
3025,Rotterdam,,Rotterdam,Zuid-Holland,010,51.92166700,4.48111100,Adres
3026,Rotterdam,,Rotterdam,Zuid-Holland,010,51.92166700,4.48111100,Adres
3027,Rotterdam,,Rotterdam,Zuid-Holland,010,51.92166700,4.48111100,Adres
3028,Rotterdam,,Rotterdam,Zuid-Holland,010,51.92166700,4.48111100,Adres
3029,Rotterdam,,Rotterdam,Zuid-Holland,010,51.92166700,4.48111100,Adres
3031,Rotterdam,,Rotterdam,Zuid-Holland,010,51.92166700,4.48111100,Adres
3032,Rotterdam,,Rotterdam,Zuid-Holland,010,51.92166700,4.48111100,Adres
3033,Rotterdam,,Rotterdam,Zuid-Holland,010,51.92166700,4.48111100,Adres
3034,Rotterdam,,Rotterdam,Zuid-Holland,010,51.92166700,4.48111100,Adres
3035,Rotterdam,,Rotterdam,Zuid-Holland,010,51.92166700,4.48111100,Adres
3036,Rotterdam,,Rotterdam,Zuid-Holland,010,51.92166700,4.48111100,Adres
3037,Rotterdam,,Rotterdam,Zuid-Holland,010,51.92166700,4.48111100,Adres
3038,Rotterdam,,Rotterdam,Zuid-Holland,010,51.93491000,4.46531000,Adres
3039,Rotterdam,,Rotterdam,Zuid-Holland,010,51.92166700,4.48111100,Adres
3041,Rotterdam,,Rotterdam,Zuid-Holland,010,51.92166700,4.48111100,Adres
3042,Rotterdam,,Rotterdam,Zuid-Holland,010,51.92166700,4.48111100,Adres
3043,Rotterdam,,Rotterdam,Zuid-Holland,010,51.92166700,4.48111100,Adres
3044,Rotterdam,,Rotterdam,Zuid-Holland,010,51.92166700,4.48111100,Adres
3045,Rotterdam,,Rotterdam,Zuid-Holland,010,51.92166700,4.48111100,Adres
3046,Rotterdam,,Rotterdam,Zuid-Holland,010,51.92166700,4.48111100,Adres
3047,Rotterdam,,Rotterdam,Zuid-Holland,010,51.92166700,4.48111100,Adres
3051,Rotterdam,,Rotterdam,Zuid-Holland,010,51.92166700,4.48111100,Adres
3052,Rotterdam,,Rotterdam,Zuid-Holland,010,51.92166700,4.48111100,Adres
3053,Rotterdam,,Rotterdam,Zuid-Holland,010,51.92166700,4.48111100,Adres
3054,Rotterdam,,Rotterdam,Zuid-Holland,010,51.92166700,4.48111100,Adres
3055,Rotterdam,,Rotterdam,Zuid-Holland,010,51.92166700,4.48111100,Adres
3056,Rotterdam,,Rotterdam,Zuid-Holland,010,51.92166700,4.48111100,Adres
3059,Rotterdam,,Rotterdam,Zuid-Holland,010,51.92166700,4.48111100,Adres
3061,Rotterdam,,Rotterdam,Zuid-Holland,010,51.92166700,4.48111100,Adres
3062,Rotterdam,,Rotterdam,Zuid-Holland,010,51.92166700,4.48111100,Adres
3063,Rotterdam,,Rotterdam,Zuid-Holland,010,51.92166700,4.48111100,Adres
3064,Rotterdam,,Rotterdam,Zuid-Holland,010,51.92166700,4.48111100,Adres
3065,Rotterdam,,Rotterdam,Zuid-Holland,010,51.92166700,4.48111100,Adres
3066,Rotterdam,,Rotterdam,Zuid-Holland,010,51.92166700,4.48111100,Adres
3067,Rotterdam,,Rotterdam,Zuid-Holland,010,51.92166700,4.48111100,Adres
3068,Rotterdam,,Rotterdam,Zuid-Holland,010,51.92166700,4.48111100,Adres
3069,Rotterdam,,Rotterdam,Zuid-Holland,010,51.92166700,4.48111100,Adres
3071,Rotterdam,,Rotterdam,Zuid-Holland,010,51.92166700,4.48111100,Adres
3072,Rotterdam,,Rotterdam,Zuid-Holland,010,51.92166700,4.48111100,Adres
3073,Rotterdam,,Rotterdam,Zuid-Holland,010,51.92166700,4.48111100,Adres
3074,Rotterdam,,Rotterdam,Zuid-Holland,010,51.92166700,4.48111100,Adres
3075,Rotterdam,,Rotterdam,Zuid-Holland,010,51.92166700,4.48111100,Adres
3076,Rotterdam,,Rotterdam,Zuid-Holland,010,51.92166700,4.48111100,Adres
3077,Rotterdam,,Rotterdam,Zuid-Holland,010,51.92166700,4.48111100,Adres
3078,Rotterdam,,Rotterdam,Zuid-Holland,010,51.92166700,4.48111100,Adres
3079,Rotterdam,,Rotterdam,Zuid-Holland,010,51.92166700,4.48111100,Adres
3081,Rotterdam,,Rotterdam,Zuid-Holland,010,51.92166700,4.48111100,Adres
3082,Rotterdam,,Rotterdam,Zuid-Holland,010,51.92166700,4.48111100,Adres
3083,Rotterdam,,Rotterdam,Zuid-Holland,010,51.92166700,4.48111100,Adres
3084,Rotterdam,,Rotterdam,Zuid-Holland,010,51.92166700,4.48111100,Adres
3085,Rotterdam,,Rotterdam,Zuid-Holland,010,51.92166700,4.48111100,Adres
3086,Rotterdam,,Rotterdam,Zuid-Holland,010,51.92166700,4.48111100,Adres
3087,Rotterdam,,Rotterdam,Zuid-Holland,010,51.92166700,4.48111100,Adres
3088,Rotterdam,,Rotterdam,Zuid-Holland,010,51.92166700,4.48111100,Adres
3089,Rotterdam,,Rotterdam,Zuid-Holland,010,51.92166700,4.48111100,Adres
3100,Schiedam,,Schiedam,Zuid-Holland,010,51.91166700,4.39944400,Postbus
3101,Schiedam,,Schiedam,Zuid-Holland,010,51.91166700,4.39944400,Postbus
3102,Schiedam,,Schiedam,Zuid-Holland,010,51.91166700,4.39944400,Postbus
3109,Schiedam,,Schiedam,Zuid-Holland,010,51.91166700,4.39944400,Postbus
3111,Schiedam,,Schiedam,Zuid-Holland,010,51.91166700,4.39944400,Adres
3112,Schiedam,,Schiedam,Zuid-Holland,010,51.91166700,4.39944400,Adres
3113,Schiedam,,Schiedam,Zuid-Holland,010,51.91166700,4.39944400,Adres
3114,Schiedam,,Schiedam,Zuid-Holland,010,51.91166700,4.39944400,Adres
3115,Schiedam,,Schiedam,Zuid-Holland,010,51.91166700,4.39944400,Adres
3116,Schiedam,,Schiedam,Zuid-Holland,010,51.91166700,4.39944400,Adres
3117,Schiedam,,Schiedam,Zuid-Holland,010,51.91166700,4.39944400,Adres
3118,Schiedam,,Schiedam,Zuid-Holland,010,51.91166700,4.39944400,Adres
3119,Schiedam,,Schiedam,Zuid-Holland,010,51.91166700,4.39944400,Adres
3121,Schiedam,,Schiedam,Zuid-Holland,010,51.91166700,4.39944400,Adres
3122,Schiedam,,Schiedam,Zuid-Holland,010,51.91166700,4.39944400,Adres
3123,Schiedam,,Schiedam,Zuid-Holland,010,51.91166700,4.39944400,Adres
3124,Schiedam,,Schiedam,Zuid-Holland,010,51.91166700,4.39944400,Adres
3125,Schiedam,,Schiedam,Zuid-Holland,010,51.91166700,4.39944400,Adres
3130,Vlaardingen,,Vlaardingen,Zuid-Holland,010,51.90000000,4.33333300,Postbus
3131,Vlaardingen,,Vlaardingen,Zuid-Holland,010,51.90000000,4.33333300,Adres
3132,Vlaardingen,,Vlaardingen,Zuid-Holland,010,51.90000000,4.33333300,Adres
3133,Vlaardingen,,Vlaardingen,Zuid-Holland,010,51.90000000,4.33333300,Adres
3134,Vlaardingen,,Vlaardingen,Zuid-Holland,010,51.90000000,4.33333300,Adres
3135,Vlaardingen,,Vlaardingen,Zuid-Holland,010,51.90000000,4.33333300,Adres
3136,Vlaardingen,,Vlaardingen,Zuid-Holland,010,51.90000000,4.33333300,Adres
3137,Vlaardingen,,Vlaardingen,Zuid-Holland,010,51.90000000,4.33333300,Adres
3138,Vlaardingen,,Vlaardingen,Zuid-Holland,010,51.90000000,4.33333300,Adres
3140,Maassluis,,Maassluis,Zuid-Holland,010,51.91666700,4.26666700,Postbus
3141,Maassluis,,Maassluis,Zuid-Holland,010,51.91666700,4.26666700,Adres
3142,Maassluis,,Maassluis,Zuid-Holland,010,51.91666700,4.26666700,Adres
3143,Maassluis,,Maassluis,Zuid-Holland,010,51.91666700,4.26666700,Adres
3144,Maassluis,,Maassluis,Zuid-Holland,010,51.91666700,4.26666700,Adres
3145,Maassluis,,Maassluis,Zuid-Holland,010,51.91666700,4.26666700,Adres
3146,Maassluis,,Maassluis,Zuid-Holland,010,51.91666700,4.26666700,Adres
3147,Maassluis,,Maassluis,Zuid-Holland,010,51.91666700,4.26666700,Adres
3150,Hoek van Holland,,Rotterdam,Zuid-Holland,0174,51.96666700,4.05000000,Postbus
3151,Hoek van Holland,,Rotterdam,Zuid-Holland,0174,51.96666700,4.05000000,Adres + Postbus
3155,Maasland,,Midden-Delfland,Zuid-Holland,010,51.93333300,4.26666700,Adres + Postbus
3160,Rhoon,,Albrandswaard,Zuid-Holland,010,51.86666700,4.43333300,Postbus
3161,Rhoon,,Albrandswaard,Zuid-Holland,010,51.86666700,4.43333300,Adres
3162,Rhoon,,Albrandswaard,Zuid-Holland,010,51.86666700,4.43333300,Adres
3165,Rhoon,,Albrandswaard,Zuid-Holland,010,51.86666700,4.43333300,Adres
3170,Poortugaal,,Albrandswaard,Zuid-Holland,010,51.86666700,4.40000000,Postbus
3171,Poortugaal,,Albrandswaard,Zuid-Holland,010,51.86666700,4.40000000,Adres
3172,Poortugaal,,Albrandswaard,Zuid-Holland,010,51.86666700,4.40000000,Adres
3176,Poortugaal,,Albrandswaard,Zuid-Holland,010,51.86666700,4.40000000,Adres
3180,Rozenburg,,Rozenburg,Zuid-Holland,0181,52.28170000,4.73750000,Postbus
3181,Rozenburg,,Rozenburg,Zuid-Holland,0181,52.28170000,4.73750000,Adres
3190,Hoogvliet,Hoogvliet Rotterdam,Rotterdam,Zuid-Holland,010,51.86666700,4.35000000,Postbus
3191,Hoogvliet,Hoogvliet Rotterdam,Rotterdam,Zuid-Holland,010,51.51497800,4.21300000,Adres
3192,Hoogvliet,Hoogvliet Rotterdam,Rotterdam,Zuid-Holland,010,51.86666700,4.35000000,Adres
3193,Hoogvliet,Hoogvliet Rotterdam,Rotterdam,Zuid-Holland,010,51.86666700,4.35000000,Adres
3194,Hoogvliet,Hoogvliet Rotterdam,Rotterdam,Zuid-Holland,010,51.86666700,4.35000000,Adres
3195,Pernis,Rotterdam Pernis,Rotterdam,Zuid-Holland,010,51.88333300,4.38333300,Adres + Postbus
3196,Vondelingenplaat,Vondelingenplaat Rotterdam;Vondelingenplaat Rt,Rotterdam,Zuid-Holland,010,51.88333300,4.33333300,Adres
3197,Botlek,Botlek Rotterdam,Rotterdam,Zuid-Holland,010,51.88333300,4.28333300,Adres
3198,Europoort,Europoort Rotterdam,Rotterdam,Zuid-Holland,0181,51.94333300,4.14250000,Adres
3199,Maasvlakte,Maasvlakte Rotterdam,Rotterdam,Zuid-Holland,0181,51.95250000,4.04638889,Adres
3200,Spijkenisse,SPYKENISSE,Spijkenisse,Zuid-Holland,0181,51.85000000,4.33333300,Postbus
3201,Spijkenisse,SPYKENISSE,Spijkenisse,Zuid-Holland,0181,51.85000000,4.33333300,Adres
3202,Spijkenisse,SPYKENISSE,Spijkenisse,Zuid-Holland,0181,51.85000000,4.33333300,Adres
3203,Spijkenisse,SPYKENISSE,Spijkenisse,Zuid-Holland,0181,51.85000000,4.33333300,Adres
3204,Spijkenisse,SPYKENISSE,Spijkenisse,Zuid-Holland,0181,51.85000000,4.33333300,Adres
3205,Spijkenisse,SPYKENISSE,Spijkenisse,Zuid-Holland,0181,51.85000000,4.33333300,Adres
3206,Spijkenisse,SPYKENISSE,Spijkenisse,Zuid-Holland,0181,51.85000000,4.33333300,Adres
3207,Spijkenisse,SPYKENISSE,Spijkenisse,Zuid-Holland,0181,51.85000000,4.33333300,Adres
3208,Spijkenisse,SPYKENISSE,Spijkenisse,Zuid-Holland,0181,51.85000000,4.33333300,Adres
3209,Hekelingen,,Spijkenisse,Zuid-Holland,0181,51.83333300,4.35000000,Adres
3211,Geervliet,,Bernisse,Zuid-Holland,0181,51.86666700,4.26666700,Adres
3212,Simonshaven,,Bernisse,Zuid-Holland,0181,51.83333300,4.31666700,Adres
3214,Zuidland,,Bernisse,Zuid-Holland,0181,51.82156000,4.25874000,Adres + Postbus
3216,Abbenbroek,,Bernisse,Zuid-Holland,0181,51.85000000,4.25000000,Adres
3218,Heenvliet,,Bernisse,Zuid-Holland,0181,51.86666700,4.25000000,Adres
3220,Hellevoetsluis,,Hellevoetsluis,Zuid-Holland,0181,51.83333300,4.13333300,Postbus
3221,Hellevoetsluis,,Hellevoetsluis,Zuid-Holland,0181,51.83333300,4.13333300,Adres
3222,Hellevoetsluis,,Hellevoetsluis,Zuid-Holland,0181,51.83333300,4.13333300,Adres
3223,Hellevoetsluis,,Hellevoetsluis,Zuid-Holland,0181,51.83333300,4.13333300,Adres
3224,Hellevoetsluis,,Hellevoetsluis,Zuid-Holland,0181,51.83333300,4.13333300,Adres
3225,Hellevoetsluis,,Hellevoetsluis,Zuid-Holland,0181,51.83333300,4.13333300,Adres
3227,Oudenhoorn,,Bernisse,Zuid-Holland,0181,51.83333300,4.20000000,Adres
3230,Brielle,,Brielle,Zuid-Holland,0181,51.90000000,4.16666700,Postbus
3231,Brielle,,Brielle,Zuid-Holland,0181,51.90000000,4.16666700,Adres
3232,Brielle,,Brielle,Zuid-Holland,0181,51.90000000,4.16666700,Adres
3233,Oostvoorne,,Westvoorne,Zuid-Holland,0181,51.91666700,4.10000000,Adres + Postbus
3234,Tinte,,Westvoorne,Zuid-Holland,0181,51.88333300,4.13333300,Adres
3235,Rockanje,,Westvoorne,Zuid-Holland,0181,51.86666700,4.06666700,Adres + Postbus
3237,Vierpolders,,Brielle,Zuid-Holland,0181,51.88333300,4.18333300,Adres
3238,Zwartewaal,,Brielle,Zuid-Holland,0181,51.88333300,4.23333300,Adres
3240,Middelharnis,,Middelharnis,Zuid-Holland,0187,51.75000000,4.16666700,Postbus
3241,Middelharnis,,Middelharnis,Zuid-Holland,0187,51.75000000,4.16666700,Adres
3243,Stad aan 't Haringvliet,STAD AH HARINGVL,Middelharnis,Zuid-Holland,0187,51.74013000,4.24399000,Adres
3244,Nieuwe-Tonge,NIEUWE TONGE,Middelharnis,Zuid-Holland,0187,51.71666700,4.16666700,Adres + Postbus
3245,Sommelsdijk,SOMMELSDYK,Middelharnis,Zuid-Holland,0187,51.76666700,4.15000000,Adres
3247,Dirksland,,Dirksland,Zuid-Holland,0187,51.75000000,4.10000000,Adres + Postbus
3248,Melissant,,Dirksland,Zuid-Holland,0187,51.76666700,4.06666700,Adres + Postbus
3249,Herkingen,,Dirksland,Zuid-Holland,0187,51.71666700,4.08333300,Adres
3250,Stellendam,,Goedereede,Zuid-Holland,0187,51.80000000,4.03333300,Postbus
3251,Stellendam,,Goedereede,Zuid-Holland,0187,51.80000000,4.03333300,Adres
3252,Goedereede,,Goedereede,Zuid-Holland,0187,51.81666700,3.98333300,Adres + Postbus
3253,Ouddorp,,Goedereede,Zuid-Holland,0187,51.81666700,3.93333300,Adres + Postbus
3255,Oude-Tonge,OUDE TONGE,Oostflakkee,Zuid-Holland,0187,51.68333300,4.21666700,Adres + Postbus
3256,Achthuizen,,Oostflakkee,Zuid-Holland,0187,51.68333300,4.28333300,Adres
3257,Ooltgensplaat,,Oostflakkee,Zuid-Holland,0187,51.68333300,4.35000000,Adres + Postbus
3258,Den Bommel,,Oostflakkee,Zuid-Holland,0187,51.71666700,4.28333300,Adres + Postbus
3260,Oud-Beijerland,OUD BEYERLAND,Oud-Beijerland,Zuid-Holland,0186,51.83333300,4.41666700,Postbus
3261,Oud-Beijerland,OUD BEYERLAND,Oud-Beijerland,Zuid-Holland,0186,51.83333300,4.41666700,Adres
3262,Oud-Beijerland,OUD BEYERLAND,Oud-Beijerland,Zuid-Holland,0186,51.83333300,4.41666700,Adres
3263,Oud-Beijerland,OUD BEYERLAND,Oud-Beijerland,Zuid-Holland,0186,51.83333300,4.41666700,Adres
3264,Nieuw-Beijerland,NIEUW BEYERLAND,Korendijk,Zuid-Holland,0186,51.81666700,4.33333300,Adres + Postbus
3265,Piershil,,Korendijk,Zuid-Holland,0186,51.80000000,4.31666700,Adres + Postbus
3267,Goudswaard,,Korendijk,Zuid-Holland,0186,51.80000000,4.28333300,Adres
3270,Mijnsheerenland,MYNSHEERENLAND,Binnenmaas,Zuid-Holland,0186,51.80000000,4.48333300,Postbus
3271,Mijnsheerenland,MYNSHEERENLAND,Binnenmaas,Zuid-Holland,0186,51.80000000,4.48333300,Adres
3273,Westmaas,,Binnenmaas,Zuid-Holland,0186,51.78333300,4.46666700,Adres
3274,Heinenoord,,Binnenmaas,Zuid-Holland,0186,51.83333300,4.48333300,Adres + Postbus
3280,Numansdorp,,Cromstrijen,Zuid-Holland,0186,51.73333300,4.43333300,Postbus
3281,Numansdorp,,Cromstrijen,Zuid-Holland,0186,51.73333300,4.43333300,Adres
3284,Zuid-Beijerland,ZUID BEYERLAND,Korendijk,Zuid-Holland,0186,51.75000000,4.36666700,Adres + Postbus
3286,Klaaswaal,,Cromstrijen,Zuid-Holland,0186,51.76666700,4.45000000,Adres + Postbus
3290,Strijen,STRYEN,Strijen,Zuid-Holland,078,51.74520000,4.55080000,Postbus
3291,Strijen,STRYEN,Strijen,Zuid-Holland,078,51.74520000,4.55080000,Adres
3292,Strijensas,STRYENSAS,Strijen,Zuid-Holland,078,51.71666700,4.58333300,Adres
3293,Mookhoek,,Strijen,Zuid-Holland,078,51.75000000,4.61666700,Adres
3295,'s-Gravendeel,S GRAVENDEEL,Binnenmaas,Zuid-Holland,078,51.77694000,4.61290000,Adres + Postbus
3297,Puttershoek,,Binnenmaas,Zuid-Holland,078,51.80000000,4.56666700,Adres + Postbus
3299,Maasdam,,Binnenmaas,Zuid-Holland,078,51.78333300,4.55000000,Adres + Postbus
3300,Dordrecht,,Dordrecht,Zuid-Holland,078,51.80000000,4.66666700,Postbus
3301,Dordrecht,,Dordrecht,Zuid-Holland,078,51.80000000,4.66666700,Postbus
3311,Dordrecht,,Dordrecht,Zuid-Holland,078,51.80000000,4.66666700,Adres
3312,Dordrecht,,Dordrecht,Zuid-Holland,078,51.80000000,4.66666700,Adres
3313,Dordrecht,,Dordrecht,Zuid-Holland,078,51.80000000,4.66666700,Adres
3314,Dordrecht,,Dordrecht,Zuid-Holland,078,51.80000000,4.66666700,Adres
3315,Dordrecht,,Dordrecht,Zuid-Holland,078,51.80000000,4.66666700,Adres
3316,Dordrecht,,Dordrecht,Zuid-Holland,078,51.80000000,4.66666700,Adres
3317,Dordrecht,,Dordrecht,Zuid-Holland,078,51.80000000,4.66666700,Adres
3318,Dordrecht,,Dordrecht,Zuid-Holland,078,51.80000000,4.66666700,Adres
3319,Dordrecht,,Dordrecht,Zuid-Holland,078,51.80000000,4.66666700,Adres
3328,Dordrecht,,Dordrecht,Zuid-Holland,078,51.80000000,4.66666700,Adres
3329,Dordrecht,,Dordrecht,Zuid-Holland,078,51.80000000,4.66666700,Adres
3330,Zwijndrecht,ZWYNDRECHT,Zwijndrecht,Zuid-Holland,078,51.81666700,4.65000000,Postbus
3331,Zwijndrecht,ZWYNDRECHT,Zwijndrecht,Zuid-Holland,078,51.81666700,4.65000000,Adres
3332,Zwijndrecht,ZWYNDRECHT,Zwijndrecht,Zuid-Holland,078,51.81666700,4.65000000,Adres
3333,Zwijndrecht,ZWYNDRECHT,Zwijndrecht,Zuid-Holland,078,51.81666700,4.65000000,Adres
3334,Zwijndrecht,ZWYNDRECHT,Zwijndrecht,Zuid-Holland,078,51.81666700,4.65000000,Adres
3335,Zwijndrecht,ZWYNDRECHT,Zwijndrecht,Zuid-Holland,078,51.81666700,4.65000000,Adres
3336,Zwijndrecht,ZWYNDRECHT,Zwijndrecht,Zuid-Holland,078,51.81666700,4.65000000,Adres
3340,Hendrik-Ido-Ambacht,HENDR IDO AMBACHT;Hendrik Ido Ambacht,Hendrik-Ido-Ambacht,Zuid-Holland,078,51.85000000,4.63333300,Postbus
3341,Hendrik-Ido-Ambacht,HENDR IDO AMBACHT;Hendrik Ido Ambacht,Hendrik-Ido-Ambacht,Zuid-Holland,078,51.85000000,4.63333300,Adres
3342,Hendrik-Ido-Ambacht,HENDR IDO AMBACHT;Hendrik Ido Ambacht,Hendrik-Ido-Ambacht,Zuid-Holland,078,51.85000000,4.63333300,Adres
3343,Hendrik-Ido-Ambacht,HENDR IDO AMBACHT;Hendrik Ido Ambacht,Hendrik-Ido-Ambacht,Zuid-Holland,078,51.85000000,4.63333300,Adres
3344,Hendrik-Ido-Ambacht,HENDR IDO AMBACHT;Hendrik Ido Ambacht,Hendrik-Ido-Ambacht,Zuid-Holland,078,51.85000000,4.63333300,Adres
3350,Papendrecht,,Papendrecht,Zuid-Holland,078,51.83000000,4.69000000,Postbus
3351,Papendrecht,,Papendrecht,Zuid-Holland,078,51.83000000,4.69000000,Adres
3352,Papendrecht,,Papendrecht,Zuid-Holland,078,51.83000000,4.69000000,Adres
3353,Papendrecht,,Papendrecht,Zuid-Holland,078,51.83000000,4.69000000,Adres
3354,Papendrecht,,Papendrecht,Zuid-Holland,078,51.83000000,4.69000000,Adres
3355,Papendrecht,,Papendrecht,Zuid-Holland,078,51.83000000,4.69000000,Adres
3356,Papendrecht,,Papendrecht,Zuid-Holland,078,51.83000000,4.69000000,Adres
3360,Sliedrecht,,Sliedrecht,Zuid-Holland,0184,51.81666700,4.76666700,Postbus
3361,Sliedrecht,,Sliedrecht,Zuid-Holland,0184,51.81666700,4.76666700,Adres
3362,Sliedrecht,,Sliedrecht,Zuid-Holland,0184,51.81666700,4.76666700,Adres
3363,Sliedrecht,,Sliedrecht,Zuid-Holland,0184,51.81666700,4.76666700,Adres
3364,Sliedrecht,,Sliedrecht,Zuid-Holland,0184,51.81666700,4.76666700,Adres
3366,Wijngaarden,WYNGAARDEN,Graafstroom,Zuid-Holland,0184,51.85000000,4.76666700,Adres
3370,Hardinxveld-Giessendam,HARDINXV GIESSEND,Hardinxveld-Giessendam,Zuid-Holland,0184,51.82252000,4.88248000,Adres + Postbus
3371,Hardinxveld-Giessendam,HARDINXV GIESSEND,Hardinxveld-Giessendam,Zuid-Holland,0184,51.82252000,4.88248000,Adres
3372,Hardinxveld-Giessendam,HARDINXV GIESSEND,Hardinxveld-Giessendam,Zuid-Holland,0184,51.82252000,4.88248000,Adres
3373,Hardinxveld-Giessendam,HARDINXV GIESSEND,Hardinxveld-Giessendam,Zuid-Holland,0184,51.82252000,4.88248000,Adres
3380,Giessenburg,,Giessenlanden,Zuid-Holland,0184,51.85000000,4.88333300,Postbus
3381,Giessenburg,,Giessenlanden,Zuid-Holland,0184,51.85000000,4.88333300,Adres
3400,IJsselstein,YSSELSTEIN,IJsselstein,Utrecht,030,52.02554000,5.05049000,Postbus
3401,IJsselstein,YSSELSTEIN,IJsselstein,Utrecht,030,52.02554000,5.05049000,Adres
3402,IJsselstein,YSSELSTEIN,IJsselstein,Utrecht,030,52.02638000,5.05066000,Adres
3403,IJsselstein,YSSELSTEIN,IJsselstein,Utrecht,030,52.02591000,5.03843000,Adres
3404,IJsselstein,YSSELSTEIN,IJsselstein,Utrecht,030,52.01571000,5.03860000,Adres
3405,Benschop,,Lopik,Utrecht,0348,52.00615000,4.97363000,Adres
3410,Lopik,,Lopik,Utrecht,0348,51.98333300,4.95000000,Postbus
3411,Lopik,,Lopik,Utrecht,0348,51.98333300,4.95000000,Adres
3412,Lopikerkapel,,Lopik,Utrecht,030,52.00000000,5.05000000,Adres
3413,Jaarsveld,,Lopik,Utrecht,0348,51.96666700,4.98333300,Adres
3415,Polsbroek,,Lopik,Utrecht,0182,51.98333300,4.85000000,Adres
3417,Montfoort,,Montfoort,Utrecht,0348,52.05000000,4.95000000,Adres + Postbus
3420,Oudewater,,Oudewater,Utrecht,0348,52.03333300,4.88333300,Postbus
3421,Oudewater,,Oudewater,Utrecht,0348,52.03333300,4.88333300,Adres
3425,Snelrewaard,,Oudewater,Utrecht,0348,52.03333300,4.91666700,Adres
3430,Nieuwegein,,Nieuwegein,Utrecht,030,52.03333300,5.10000000,Adres + Postbus
3431,Nieuwegein,,Nieuwegein,Utrecht,030,52.03333300,5.10000000,Adres
3432,Nieuwegein,,Nieuwegein,Utrecht,030,52.03333300,5.10000000,Adres
3433,Nieuwegein,,Nieuwegein,Utrecht,030,52.03333300,5.10000000,Adres
3434,Nieuwegein,,Nieuwegein,Utrecht,030,52.03333300,5.10000000,Adres
3435,Nieuwegein,,Nieuwegein,Utrecht,030,52.03333300,5.10000000,Adres
3436,Nieuwegein,,Nieuwegein,Utrecht,030,52.03333300,5.10000000,Adres
3437,Nieuwegein,,Nieuwegein,Utrecht,030,52.03333300,5.10000000,Adres
3438,Nieuwegein,,Nieuwegein,Utrecht,030,52.03333300,5.10000000,Adres
3439,Nieuwegein,,Nieuwegein,Utrecht,030,52.03333300,5.10000000,Adres
3440,Woerden,,Woerden,Utrecht,0348,52.08333300,4.91666700,Postbus
3441,Woerden,,Woerden,Utrecht,0348,52.08333300,4.91666700,Adres
3442,Woerden,,Woerden,Utrecht,0348,52.08333300,4.91666700,Adres
3443,Woerden,,Woerden,Utrecht,0348,52.08333300,4.91666700,Adres
3444,Woerden,,Woerden,Utrecht,0348,52.08333300,4.91666700,Adres
3445,Woerden,,Woerden,Utrecht,0348,52.08333300,4.91666700,Adres
3446,Woerden,,Woerden,Utrecht,0348,52.08333300,4.91666700,Adres
3447,Woerden,,Woerden,Utrecht,0348,52.08333300,4.91666700,Adres
3448,Woerden,,Woerden,Utrecht,0348,52.08333300,4.91666700,Adres
3449,Woerden,,Woerden,Utrecht,0348,52.08333300,4.91666700,Adres
3450,Vleuten,,Utrecht,Utrecht,030,52.10000000,5.01666700,Postbus
3451,Vleuten,,Utrecht,Utrecht,030,52.10000000,5.01666700,Adres
3452,Vleuten,,Utrecht,Utrecht,030,52.10000000,5.01666700,Adres
3453,De Meern,,Utrecht,Utrecht,030,52.08333300,5.03333300,Adres
3454,De Meern,,Utrecht,Utrecht,030,52.08333300,5.03333300,Adres + Postbus
3455,Haarzuilens,,Utrecht,Utrecht,030,52.11666700,5.00000000,Adres
3460,Linschoten,,Montfoort,Utrecht,0348,52.06666700,4.91666700,Postbus
3461,Linschoten,,Montfoort,Utrecht,0348,52.06666700,4.91666700,Adres
3464,Papekop,,Oudewater,Utrecht,0348,52.05000000,4.85000000,Adres
3465,Driebruggen,,Reeuwijk,Zuid-Holland,0348,52.05000000,4.80000000,Adres
3466,Waarder,,Reeuwijk,Zuid-Holland,0348,52.06666700,4.81666700,Adres
3467,Hekendorp,,Oudewater,Utrecht,0182,52.01666700,4.81666700,Adres
3470,Kamerik,,Woerden,Utrecht,0348,52.11666700,4.90000000,Postbus
3471,Kamerik,,Woerden,Utrecht,0348,52.11666700,4.90000000,Adres
3474,Zegveld,,Woerden,Utrecht,0348,52.11666700,4.85000000,Adres
3480,Harmelen,,Woerden,Utrecht,0348,52.08333300,4.96666700,Postbus
3481,Harmelen,,Woerden,Utrecht,0348,52.08333300,4.96666700,Adres
3500,Utrecht,,Utrecht,Utrecht,030,52.09100000,5.12200000,Adres + Postbus
3501,Utrecht,,Utrecht,Utrecht,030,52.09100000,5.12200000,Postbus
3502,Utrecht,,Utrecht,Utrecht,030,52.09100000,5.12200000,Postbus
3503,Utrecht,,Utrecht,Utrecht,030,52.09100000,5.12200000,Postbus
3504,Utrecht,,Utrecht,Utrecht,030,52.09100000,5.12200000,Postbus
3505,Utrecht,,Utrecht,Utrecht,030,52.09100000,5.12200000,Postbus
3506,Utrecht,,Utrecht,Utrecht,030,52.09100000,5.12200000,Postbus
3507,Utrecht,,Utrecht,Utrecht,030,52.09100000,5.12200000,Postbus
3508,Utrecht,,Utrecht,Utrecht,030,52.09100000,5.12200000,Postbus
3509,Utrecht,,Utrecht,Utrecht,030,52.09100000,5.12200000,Adres
3511,Utrecht,,Utrecht,Utrecht,030,52.09100000,5.12200000,Adres
3512,Utrecht,,Utrecht,Utrecht,030,52.09100000,5.12200000,Adres
3513,Utrecht,,Utrecht,Utrecht,030,52.09100000,5.12200000,Adres
3514,Utrecht,,Utrecht,Utrecht,030,52.09100000,5.12200000,Adres
3515,Utrecht,,Utrecht,Utrecht,030,52.09100000,5.12200000,Adres
3521,Utrecht,,Utrecht,Utrecht,030,52.09100000,5.12200000,Adres
3522,Utrecht,,Utrecht,Utrecht,030,52.09100000,5.12200000,Adres
3523,Utrecht,,Utrecht,Utrecht,030,52.09100000,5.12200000,Adres
3524,Utrecht,,Utrecht,Utrecht,030,52.09100000,5.12200000,Adres
3525,Utrecht,,Utrecht,Utrecht,030,52.09100000,5.12200000,Adres
3526,Utrecht,,Utrecht,Utrecht,030,52.09100000,5.12200000,Adres
3527,Utrecht,,Utrecht,Utrecht,030,52.09100000,5.12200000,Adres
3528,Utrecht,,Utrecht,Utrecht,030,52.09100000,5.12200000,Adres
3531,Utrecht,,Utrecht,Utrecht,030,52.09100000,5.12200000,Adres
3532,Utrecht,,Utrecht,Utrecht,030,52.09100000,5.12200000,Adres
3533,Utrecht,,Utrecht,Utrecht,030,52.09100000,5.12200000,Adres
3534,Utrecht,,Utrecht,Utrecht,030,52.09100000,5.12200000,Adres
3540,Utrecht,,Utrecht,Utrecht,030,52.09100000,5.12200000,Postbus
3541,Utrecht,,Utrecht,Utrecht,030,52.09100000,5.12200000,Adres
3542,Utrecht,,Utrecht,Utrecht,030,52.09100000,5.12200000,Adres
3543,Utrecht,,Utrecht,Utrecht,030,52.09100000,5.12200000,Adres
3544,Utrecht,,Utrecht,Utrecht,030,52.09100000,5.12200000,Adres
3545,Utrecht,,Utrecht,Utrecht,030,52.09100000,5.12200000,Adres
3546,Utrecht,,Utrecht,Utrecht,030,52.09100000,5.12200000,Adres
3551,Utrecht,,Utrecht,Utrecht,030,52.09100000,5.12200000,Adres
3552,Utrecht,,Utrecht,Utrecht,030,52.09100000,5.12200000,Adres
3553,Utrecht,,Utrecht,Utrecht,030,52.09100000,5.12200000,Adres
3554,Utrecht,,Utrecht,Utrecht,030,52.09100000,5.12200000,Adres
3555,Utrecht,,Utrecht,Utrecht,030,52.09100000,5.12200000,Adres
3561,Utrecht,,Utrecht,Utrecht,030,52.09100000,5.12200000,Adres
3562,Utrecht,,Utrecht,Utrecht,030,52.09100000,5.12200000,Adres
3563,Utrecht,,Utrecht,Utrecht,030,52.09100000,5.12200000,Adres
3564,Utrecht,,Utrecht,Utrecht,030,52.09100000,5.12200000,Adres
3565,Utrecht,,Utrecht,Utrecht,030,52.09100000,5.12200000,Adres
3566,Utrecht,,Utrecht,Utrecht,030,52.09100000,5.12200000,Adres
3571,Utrecht,,Utrecht,Utrecht,030,52.09100000,5.12200000,Adres
3572,Utrecht,,Utrecht,Utrecht,030,52.09100000,5.12200000,Adres
3573,Utrecht,,Utrecht,Utrecht,030,52.09100000,5.12200000,Adres
3581,Utrecht,,Utrecht,Utrecht,030,52.09100000,5.12200000,Adres
3582,Utrecht,,Utrecht,Utrecht,030,52.09100000,5.12200000,Adres
3583,Utrecht,,Utrecht,Utrecht,030,52.09100000,5.12200000,Adres
3584,Utrecht,,Utrecht,Utrecht,030,52.09100000,5.12200000,Adres
3585,Utrecht,,Utrecht,Utrecht,030,52.09100000,5.12200000,Adres
3600,Maarssen,Maarssenbroek,Maarssen,Utrecht,0346,52.15000000,5.05000000,Postbus
3601,Maarssen,Maarssenbroek,Maarssen,Utrecht,0346,52.15000000,5.05000000,Adres
3602,Maarssen,Maarssenbroek,Maarssen,Utrecht,0346,52.15000000,5.05000000,Adres
3603,Maarssen,Maarssenbroek,Maarssen,Utrecht,0346,52.15000000,5.05000000,Adres
3604,Maarssen,Maarssenbroek,Maarssen,Utrecht,0346,52.15000000,5.05000000,Adres
3605,Maarssen,Maarssenbroek,Maarssen,Utrecht,0346,52.15000000,5.05000000,Adres
3606,Maarssen,Maarssenbroek,Maarssen,Utrecht,0346,52.15000000,5.05000000,Adres
3607,Maarssen,Maarssenbroek,Maarssen,Utrecht,0346,52.15000000,5.05000000,Adres
3608,Maarssen,Maarssenbroek,Maarssen,Utrecht,0346,52.15000000,5.05000000,Adres
3611,Oud-Zuilen,OUD ZUILEN,Maarssen,Utrecht,030,52.13333300,5.06666700,Adres
3612,Tienhoven,,Maarssen,Utrecht,0346,52.16666700,5.08333300,Adres
3615,Westbroek,,De Bilt,Utrecht,0346,52.15000000,5.13333300,Adres
3620,Breukelen,,Breukelen,Utrecht,0346,52.18333300,5.00000000,Postbus
3621,Breukelen,,Breukelen,Utrecht,0346,52.18333300,5.00000000,Adres
3625,Breukeleveen,,Wijdemeren,Noord-Holland,035,52.18333330,5.06666670,Adres
3626,Nieuwer-Ter-Aa,NIEUWER TER AA,Breukelen,Utrecht,0294,52.20000000,4.98333300,Adres
3628,Kockengen,,Breukelen,Utrecht,0346,52.15000000,4.95000000,Adres
3630,Nieuwersluis,,Loenen,Utrecht,0294,52.20000000,5.01666700,Postbus
3631,Nieuwersluis,,Loenen,Utrecht,0294,52.20000000,5.01666700,Adres
3632,Loenen aan de Vecht,LOENEN AD VECHT,Loenen,Utrecht,0294,52.21666670,5.01666670,Adres + Postbus
3633,Vreeland,,Loenen,Utrecht,0294,52.23333300,5.03333300,Adres
3634,Loenersloot,,Loenen,Utrecht,0294,52.23333300,5.00000000,Adres
3640,Mijdrecht,MYDRECHT,De Ronde Venen,Utrecht,0297,52.20000000,4.86666700,Postbus
3641,Mijdrecht,MYDRECHT,De Ronde Venen,Utrecht,0297,52.20000000,4.86666700,Adres
3642,Mijdrecht,MYDRECHT,De Ronde Venen,Utrecht,0297,52.20000000,4.86666700,Adres
3643,Mijdrecht,MYDRECHT,De Ronde Venen,Utrecht,0297,52.20000000,4.86666700,Adres
3645,Vinkeveen,,De Ronde Venen,Utrecht,0297,52.21666700,4.93333300,Adres + Postbus
3646,Waverveen,,De Ronde Venen,Utrecht,0297,52.21666700,4.90000000,Adres
3648,Wilnis,,De Ronde Venen,Utrecht,0297,52.20000000,4.90000000,Adres + Postbus
3651,Woerdense Verlaat,,Nieuwkoop,Zuid-Holland,0172,52.15000000,4.86666700,Adres
3652,Woerdense Verlaat,,Nieuwkoop,Zuid-Holland,0172,52.15000000,4.86666700,Adres
3653,Woerdense Verlaat,,Nieuwkoop,Zuid-Holland,0172,52.15000000,4.86666700,Adres
3700,Zeist,,Zeist,Utrecht,030,52.10000000,5.23333300,Postbus
3701,Zeist,,Zeist,Utrecht,030,52.10000000,5.23333300,Adres
3702,Zeist,,Zeist,Utrecht,030,52.10000000,5.23333300,Adres
3703,Zeist,,Zeist,Utrecht,030,52.10000000,5.23333300,Adres
3704,Zeist,,Zeist,Utrecht,030,52.10000000,5.23333300,Adres
3705,Zeist,,Zeist,Utrecht,030,52.10000000,5.23333300,Adres
3706,Zeist,,Zeist,Utrecht,030,52.10000000,5.23333300,Adres
3707,Zeist,,Zeist,Utrecht,030,52.10000000,5.23333300,Adres
3708,Zeist,,Zeist,Utrecht,030,52.10000000,5.23333300,Adres
3709,Zeist,,Zeist,Utrecht,030,52.10000000,5.23333300,Adres
3710,Austerlitz,,Zeist,Utrecht,0343,52.08333300,5.31666700,Postbus
3711,Austerlitz,,Zeist,Utrecht,0343,52.08333300,5.31666700,Adres
3712,Huis ter Heide,,Zeist,Utrecht,030,52.11250000,5.25555600,Adres
3720,Bilthoven,,De Bilt,Utrecht,030,52.13333300,5.20000000,Postbus
3721,Bilthoven,,De Bilt,Utrecht,030,52.13333300,5.20000000,Adres
3722,Bilthoven,,De Bilt,Utrecht,030,52.13333300,5.20000000,Adres
3723,Bilthoven,,De Bilt,Utrecht,030,52.13333300,5.20000000,Adres
3730,De Bilt,,De Bilt,Utrecht,030,52.11666700,5.18333300,Postbus
3731,De Bilt,,De Bilt,Utrecht,030,52.11666700,5.18333300,Adres
3732,De Bilt,,De Bilt,Utrecht,030,52.11666700,5.18333300,Adres
3734,Den Dolder,,Zeist,Utrecht,030,52.13333300,5.25000000,Adres + Postbus
3735,Bosch en Duin,,Zeist,Utrecht,030,52.11666700,5.25000000,Adres
3737,Groenekan,,De Bilt,Utrecht,0346,52.11666700,5.15000000,Adres
3738,Maartensdijk,MAARTENSDYK,De Bilt,Utrecht,0346,52.15000000,5.18333300,Adres + Postbus
3739,Hollandsche Rading,,De Bilt,Utrecht,035,52.18333300,5.18333300,Adres
3740,Baarn,,Baarn,Utrecht,035,52.21666700,5.28333300,Postbus
3741,Baarn,,Baarn,Utrecht,035,52.21666700,5.28333300,Adres
3742,Baarn,,Baarn,Utrecht,035,52.21666700,5.28333300,Adres
3743,Baarn,,Baarn,Utrecht,035,52.21666700,5.28333300,Adres
3744,Baarn,,Baarn,Utrecht,035,52.21666700,5.28333300,Adres
3749,Lage Vuursche,,Baarn,Utrecht,035,52.18333330,5.23333330,Adres
3750,Bunschoten-Spakenburg,Bunschoten Spakenburg;Bunschoten,Bunschoten,Utrecht,033,52.23333300,5.38333300,Postbus
3751,Bunschoten-Spakenburg,Bunschoten Spakenburg;Bunschoten,Bunschoten,Utrecht,033,52.23333300,5.38333300,Adres
3752,Bunschoten-Spakenburg,Bunschoten Spakenburg;Bunschoten,Bunschoten,Utrecht,033,52.23333300,5.38333300,Adres
3754,Eemdijk,EEMDYK,Bunschoten,Utrecht,033,52.25000000,5.33333300,Adres
3755,Eemnes,,Eemnes,Utrecht,035,52.25000000,5.26666700,Adres + Postbus
3760,Soest,,Soest,Utrecht,035,52.18333300,5.30000000,Postbus
3761,Soest,,Soest,Utrecht,035,52.18333300,5.30000000,Adres
3762,Soest,,Soest,Utrecht,035,52.18333300,5.30000000,Adres
3763,Soest,,Soest,Utrecht,035,52.18333300,5.30000000,Adres
3764,Soest,,Soest,Utrecht,035,52.18333300,5.30000000,Adres
3765,Soest,,Soest,Utrecht,035,52.18333300,5.30000000,Adres
3766,Soest,,Soest,Utrecht,035,52.18333300,5.30000000,Adres
3768,Soest,,Soest,Utrecht,035,52.18333300,5.30000000,Adres
3769,Soesterberg,,Soest,Utrecht,0346,52.11666700,5.31666700,Adres + Postbus
3770,Barneveld,,Barneveld,Gelderland,0342,52.13333300,5.58333300,Postbus
3771,Barneveld,,Barneveld,Gelderland,0342,52.13333300,5.58333300,Adres
3772,Barneveld,,Barneveld,Gelderland,0342,52.13333300,5.58333300,Adres
3773,Barneveld,,Barneveld,Gelderland,0342,52.13333300,5.58333300,Adres
3774,Kootwijkerbroek,KOOTWYKERBROEK,Barneveld,Gelderland,0342,52.15000000,5.66666700,Adres
3775,Kootwijk,KOOTWYK,Barneveld,Gelderland,0577,52.18333300,5.76666700,Adres
3776,Stroe,,Barneveld,Gelderland,0342,52.18580000,5.69170000,Adres
3780,Voorthuizen,,Barneveld,Gelderland,0342,52.18333300,5.61666700,Postbus
3781,Voorthuizen,,Barneveld,Gelderland,0342,52.18333300,5.61666700,Adres
3784,Terschuur,,Barneveld,Gelderland,0342,52.16666700,5.51666700,Adres
3785,Zwartebroek,,Barneveld,Gelderland,0342,52.18333300,5.51666700,Adres
3790,Achterveld,,Leusden,Utrecht,03425,52.13611111,5.49694444,Postbus
3791,Achterveld,,Leusden,Utrecht,03425,52.13611111,5.49694444,Adres
3792,Achterveld,,Barneveld,Gelderland,0342,52.13333330,5.50000000,Adres
3794,De Glind,,Barneveld,Gelderland,0342,52.11666700,5.55000000,Adres
3800,Amersfoort,,Amersfoort,Utrecht,033,52.15000000,5.38000000,Postbus
3802,Amersfoort,,Amersfoort,Utrecht,033,52.15000000,5.38000000,Postbus
3811,Amersfoort,,Amersfoort,Utrecht,033,52.15000000,5.38000000,Adres
3812,Amersfoort,,Amersfoort,Utrecht,033,52.15000000,5.38000000,Adres
3813,Amersfoort,,Amersfoort,Utrecht,033,52.15000000,5.38000000,Adres
3814,Amersfoort,,Amersfoort,Utrecht,033,52.15000000,5.38000000,Adres
3815,Amersfoort,,Amersfoort,Utrecht,033,52.15000000,5.38000000,Adres
3816,Amersfoort,,Amersfoort,Utrecht,033,52.15000000,5.38000000,Adres
3817,Amersfoort,,Amersfoort,Utrecht,033,52.15000000,5.38000000,Adres
3818,Amersfoort,,Amersfoort,Utrecht,033,52.15000000,5.38000000,Adres
3819,Amersfoort,,Amersfoort,Utrecht,033,52.15000000,5.38000000,Adres
3821,Amersfoort,,Amersfoort,Utrecht,033,52.15000000,5.38000000,Adres
3822,Amersfoort,,Amersfoort,Utrecht,033,52.15000000,5.38000000,Adres
3823,Amersfoort,,Amersfoort,Utrecht,033,52.15000000,5.38000000,Adres
3824,Amersfoort,,Amersfoort,Utrecht,033,52.15000000,5.38000000,Adres
3825,Amersfoort,,Amersfoort,Utrecht,033,52.15000000,5.38000000,Adres
3826,Amersfoort,,Amersfoort,Utrecht,033,52.15000000,5.38000000,Adres
3828,Hoogland,,Amersfoort,Utrecht,033,52.20000000,5.41666700,Adres + Postbus
3829,Hooglanderveen,,Amersfoort,Utrecht,033,52.18333300,5.43333300,Adres
3830,Leusden,,Leusden,Utrecht,033,52.11666700,5.40000000,Postbus
3831,Leusden,,Leusden,Utrecht,033,52.11666700,5.40000000,Adres
3832,Leusden,,Leusden,Utrecht,033,52.11666700,5.40000000,Adres
3833,Leusden,,Leusden,Utrecht,033,52.07512200,5.25429700,Adres
3834,Leusden,,Leusden,Utrecht,033,52.11666700,5.40000000,Adres
3835,Stoutenburg,,Amersfoort,Utrecht,033,52.15000000,5.43333300,Adres
3836,Stoutenburg Noord,Stoutenburg-Noord,Amersfoort,Utrecht,033,52.15000000,5.43333330,Adres
3840,Harderwijk,HARDERWYK,Harderwijk,Gelderland,0341,52.35000000,5.63333300,Postbus
3841,Harderwijk,HARDERWYK,Harderwijk,Gelderland,0341,52.35000000,5.63333300,Adres
3842,Harderwijk,HARDERWYK,Harderwijk,Gelderland,0341,52.35000000,5.63333300,Adres
3843,Harderwijk,HARDERWYK,Harderwijk,Gelderland,0341,52.35000000,5.63333300,Adres
3844,Harderwijk,HARDERWYK,Harderwijk,Gelderland,0341,52.35000000,5.63333300,Adres
3845,Harderwijk,HARDERWYK,Harderwijk,Gelderland,0341,52.35000000,5.63333300,Adres
3846,Harderwijk,HARDERWYK,Harderwijk,Gelderland,0341,52.35000000,5.63333300,Adres
3847,Harderwijk,HARDERWYK,Harderwijk,Gelderland,0341,52.35000000,5.63333300,Adres
3848,Harderwijk,HARDERWYK,Harderwijk,Gelderland,0341,52.35000000,5.63333300,Adres
3849,Hierden,,Harderwijk,Gelderland,0341,52.35000000,5.66666700,Adres
3850,Ermelo,,Ermelo,Gelderland,0341,52.30000000,5.61666700,Postbus
3851,Ermelo,,Ermelo,Gelderland,0341,52.30000000,5.61666700,Adres
3852,Ermelo,,Ermelo,Gelderland,0341,52.30000000,5.61666700,Adres
3853,Ermelo,,Ermelo,Gelderland,0341,52.30000000,5.61666700,Adres
3860,Nijkerk,NYKERK,Nijkerk,Gelderland,033,52.21666700,5.48333300,Adres + Postbus
3861,Nijkerk,NYKERK,Nijkerk,Gelderland,033,52.21666700,5.48333300,Adres
3862,Nijkerk,NYKERK,Nijkerk,Gelderland,033,52.21666700,5.48333300,Adres
3863,Nijkerk,NYKERK,Nijkerk,Gelderland,033,52.21666700,5.48333300,Adres
3864,Nijkerkerveen,NYKERKERVEEN,Nijkerk,Gelderland,033,52.20000000,5.46666700,Adres
3870,Hoevelaken,,Nijkerk,Gelderland,033,52.18333300,5.45000000,Postbus
3871,Hoevelaken,,Nijkerk,Gelderland,033,52.18333300,5.45000000,Adres
3880,Putten,,Putten,Gelderland,0341,52.25920000,5.60690000,Postbus
3881,Putten,,Putten,Gelderland,0341,52.25920000,5.60690000,Adres
3882,Putten,,Putten,Gelderland,0341,52.25920000,5.60690000,Adres
3886,Garderen,,Barneveld,Gelderland,0577,52.23333300,5.71666700,Adres + Postbus
3888,Uddel,,Apeldoorn,Gelderland,0577,52.26666700,5.78333300,Adres + Postbus
3890,Zeewolde,,Zeewolde,Flevoland,036,52.36666700,5.55000000,Postbus
3891,Zeewolde,,Zeewolde,Flevoland,036,52.36666700,5.55000000,Adres
3892,Zeewolde,,Zeewolde,Flevoland,036,52.36666700,5.55000000,Adres
3893,Zeewolde,,Zeewolde,Flevoland,036,52.36666700,5.55000000,Adres
3894,Zeewolde,,Zeewolde,Flevoland,036,52.36666700,5.55000000,Adres
3895,Zeewolde,,Zeewolde,Flevoland,036,52.36666700,5.55000000,Onbekend
3896,Zeewolde,,Zeewolde,Flevoland,036,52.36666700,5.55000000,Adres
3897,Zeewolde,,Zeewolde,Flevoland,036,52.36666700,5.55000000,Adres
3898,Zeewolde,,Zeewolde,Flevoland,036,52.36666700,5.55000000,Adres
3899,Zeewolde,,Zeewolde,Flevoland,036,52.36666700,5.55000000,Adres
3900,Veenendaal,,Veenendaal,Utrecht,0318,52.03333300,5.55000000,Postbus
3901,Veenendaal,,Veenendaal,Utrecht,0318,52.03333300,5.55000000,Adres
3902,Veenendaal,,Veenendaal,Utrecht,0318,52.03333300,5.55000000,Adres
3903,Veenendaal,,Veenendaal,Utrecht,0318,52.03333300,5.55000000,Adres
3904,Veenendaal,,Veenendaal,Utrecht,0318,52.03333300,5.55000000,Adres
3905,Veenendaal,,Veenendaal,Utrecht,0318,52.03333300,5.55000000,Adres
3906,Veenendaal,,Veenendaal,Utrecht,0318,52.03333300,5.55000000,Adres
3907,Veenendaal,,Veenendaal,Utrecht,0318,52.03333300,5.55000000,Adres
3910,Rhenen,,Rhenen,Utrecht,0317,51.96666700,5.56666700,Postbus
3911,Rhenen,,Rhenen,Utrecht,0317,51.96666700,5.56666700,Adres
3912,Rhenen,,Rhenen,Utrecht,0317,51.96666700,5.56666700,Adres
3920,Elst,,Rhenen,Utrecht,0318,51.91666700,5.85000000,Postbus
3921,Elst,,Rhenen,Utrecht,0318,51.91666700,5.85000000,Adres
3922,Elst,,Rhenen,Utrecht,0318,51.91666700,5.85000000,Adres
3925,Scherpenzeel,,Scherpenzeel,Gelderland,033,52.08333300,5.48333300,Adres + Postbus
3927,Renswoude,,Renswoude,Utrecht,0318,52.08333300,5.53333300,Adres + Postbus
3930,Woudenberg,,Woudenberg,Utrecht,033,52.08333300,5.41666700,Postbus
3931,Woudenberg,,Woudenberg,Utrecht,033,52.08333300,5.41666700,Adres
3940,Doorn,,Utrechtse Heuvelrug,Utrecht,0343,52.03333300,5.35000000,Postbus
3941,Doorn,,Utrechtse Heuvelrug,Utrecht,0343,52.03333300,5.35000000,Adres
3945,Cothen,,Wijk bij Duurstede,Utrecht,0343,52.00000000,5.31666700,Adres
3947,Langbroek,,Wijk bij Duurstede,Utrecht,0343,52.01666700,5.35000000,Adres
3950,Maarn,,Utrechtse Heuvelrug,Utrecht,0343,52.06666700,5.36666700,Postbus
3951,Maarn,,Utrechtse Heuvelrug,Utrecht,0343,52.06666700,5.36666700,Adres
3953,Maarsbergen,,Utrechtse Heuvelrug,Utrecht,0343,52.05000000,5.40000000,Adres
3956,Leersum,,Utrechtse Heuvelrug,Utrecht,0343,52.01666700,5.43333300,Adres + Postbus
3958,Amerongen,,Utrechtse Heuvelrug,Utrecht,0343,52.00000000,5.46666700,Adres + Postbus
3959,Overberg,,Utrechtse Heuvelrug,Utrecht,0343,52.03333300,5.50000000,Adres
3960,Wijk bij Duurstede,WYK BY DUURSTEDE,Wijk bij Duurstede,Utrecht,0343,51.98333300,5.35000000,Postbus
3961,Wijk bij Duurstede,WYK BY DUURSTEDE,Wijk bij Duurstede,Utrecht,0343,51.98333300,5.35000000,Adres
3962,Wijk bij Duurstede,WYK BY DUURSTEDE,Wijk bij Duurstede,Utrecht,0343,51.98333300,5.35000000,Adres
3970,Driebergen-Rijsenburg,,Utrechtse Heuvelrug,Utrecht,0343,52.05000000,5.26666667,Postbus
3971,Driebergen-Rijsenburg,,Utrechtse Heuvelrug,Utrecht,0343,52.05000000,5.26666667,Adres
3972,Driebergen-Rijsenburg,,Utrechtse Heuvelrug,Utrecht,0343,52.05000000,5.26666667,Adres
3980,Bunnik,,Bunnik,Utrecht,030,52.06666700,5.20000000,Postbus
3981,Bunnik,,Bunnik,Utrecht,030,52.06666700,5.20000000,Adres
3984,Odijk,,Bunnik,Utrecht,030,52.05000000,5.23333300,Adres
3985,Werkhoven,,Bunnik,Utrecht,0343,52.03333300,5.25000000,Adres
3989,Ossenwaard,,Vianen,Utrecht,0347,51.99194444,5.13722222,Adres
3990,Houten,,Houten,Utrecht,030,52.03333300,5.16666700,Postbus
3991,Houten,,Houten,Utrecht,030,52.03333300,5.16666700,Adres
3992,Houten,,Houten,Utrecht,030,52.03333300,5.16666700,Adres
3993,Houten,,Houten,Utrecht,030,52.03333300,5.16666700,Adres
3994,Houten,,Houten,Utrecht,030,52.03333300,5.16666700,Adres
3995,Houten,,Houten,Utrecht,030,52.03333300,5.16666700,Adres
3997,'t Goy,T GOY,Houten,Utrecht,030,52.00000000,5.23333330,Adres
3998,Schalkwijk,SCHALKWYK,Houten,Utrecht,030,51.99500000,5.18750000,Adres
3999,Tull en 't Waal,TULL EN T WAAL,Houten,Utrecht,030,52.00000000,5.15000000,Adres
4000,Tiel,,Tiel,Gelderland,0344,51.88333300,5.43333300,Postbus
4001,Tiel,,Tiel,Gelderland,0344,51.88333300,5.43333300,Adres
4002,Tiel,,Tiel,Gelderland,0344,51.88333300,5.43333300,Adres
4003,Tiel,,Tiel,Gelderland,0344,51.88333300,5.43333300,Adres
4004,Tiel,,Tiel,Gelderland,0344,51.88333300,5.43333300,Adres
4005,Tiel,,Tiel,Gelderland,0344,51.88333300,5.43333300,Adres
4006,Tiel,,Tiel,Gelderland,0344,51.88333300,5.43333300,Adres
4007,Tiel,,Tiel,Gelderland,0344,51.88333300,5.43333300,Adres
4010,Zoelen,,Buren,Gelderland,0344,51.91666700,5.40000000,Postbus
4011,Zoelen,,Buren,Gelderland,0344,51.91666700,5.40000000,Adres
4012,Kerk-Avezaath,KERK AVEZAATH TIEL,Tiel,Gelderland,0344,51.90000000,5.38333330,Adres
4013,Kapel-Avezaath,KAPEL AVEZAATH,Tiel,Gelderland,0344,51.88333330,5.38333330,Adres
4014,Wadenoijen,WADENOYEN,Tiel,Gelderland,0344,51.86666700,5.36666700,Adres
4016,Kapel-Avezaath,KAPEL AVEZAATH,Tiel,Gelderland,0344,51.88333330,5.38333330,Adres
4017,Kerk-Avezaath,KERK AVEZAATH TIEL,Tiel,Gelderland,0344,51.90000000,5.38333330,Adres
4020,Maurik,,Buren,Gelderland,0344,51.96666700,5.41666700,Postbus
4021,Maurik,,Buren,Gelderland,0344,51.96666700,5.41666700,Adres
4023,Rijswijk,Rijswijk Gld,Buren,Gelderland,0345,51.95750000,5.35638889,Adres
4024,Eck en Wiel,,Buren,Gelderland,0344,51.96666700,5.45000000,Adres
4030,Ingen,,Buren,Gelderland,0344,51.96666700,5.48333300,Postbus
4031,Ingen,,Buren,Gelderland,0344,51.96666700,5.48333300,Adres
4032,Ommeren,,Buren,Gelderland,0344,51.95000000,5.50000000,Adres
4033,Lienden,,Buren,Gelderland,0344,51.81666700,5.66666700,Adres + Postbus
4040,Kesteren,,Neder-Betuwe,Gelderland,0488,51.93333300,5.56666700,Postbus
4041,Kesteren,,Neder-Betuwe,Gelderland,0488,51.93333300,5.56666700,Adres
4043,Opheusden,,Neder-Betuwe,Gelderland,0488,51.93333300,5.63333300,Adres + Postbus
4050,Ochten,,Neder-Betuwe,Gelderland,0344,51.90000000,5.56666700,Postbus
4051,Ochten,,Neder-Betuwe,Gelderland,0344,51.90000000,5.56666700,Adres
4053,IJzendoorn,YZENDOORN,Neder-Betuwe,Gelderland,0344,51.90000000,5.53333300,Adres
4054,Echteld,,Neder-Betuwe,Gelderland,0344,51.91666700,5.50000000,Adres + Postbus
4060,Ophemert,,Neerijnen,Gelderland,0344,51.85000000,5.40000000,Postbus
4061,Ophemert,,Neerijnen,Gelderland,0344,51.85000000,5.40000000,Adres
4062,Zennewijnen,ZENNEWYNEN,Tiel,Gelderland,0344,51.86666700,5.41666700,Adres
4063,Heesselt,,Neerijnen,Gelderland,0344,51.81666700,5.35000000,Adres
4064,Varik,,Neerijnen,Gelderland,0344,51.81666700,5.36666700,Adres + Postbus
4100,Culemborg,,Culemborg,Gelderland,0345,51.95000000,5.23333300,Postbus
4101,Culemborg,,Culemborg,Gelderland,0345,51.95000000,5.23333300,Adres
4102,Culemborg,,Culemborg,Gelderland,0345,51.95000000,5.23333300,Adres
4103,Culemborg,,Culemborg,Gelderland,0345,51.95000000,5.23333300,Adres
4104,Culemborg,,Culemborg,Gelderland,0345,51.95000000,5.23333300,Adres
4105,Culemborg,,Culemborg,Gelderland,0345,51.95000000,5.23333300,Adres
4106,Culemborg,,Culemborg,Gelderland,0345,51.95000000,5.23333300,Adres
4107,Culemborg,,Culemborg,Gelderland,0345,51.95000000,5.23333300,Adres
4110,Zoelmond,,Buren,Gelderland,0345,51.93333300,5.31666700,Postbus
4111,Zoelmond,,Buren,Gelderland,0345,51.93333300,5.31666700,Adres
4112,Beusichem,,Buren,Gelderland,0345,51.95000000,5.30000000,Adres + Postbus
4115,Asch,,Buren,Gelderland,0345,51.93333300,5.31666700,Adres
4116,Buren,,Buren,Gelderland,0344,51.91666670,5.33333330,Adres + Postbus
4117,Erichem,,Buren,Gelderland,0344,51.90000000,5.35000000,Adres
4119,Ravenswaaij,RAVENSWAAY,Buren,Gelderland,0345,51.95000000,5.33333300,Adres
4121,Everdingen,,Vianen,Utrecht,0347,51.96666700,5.15000000,Adres
4122,Zijderveld,ZYDERVELD,Vianen,Utrecht,0345,51.95000000,5.13333300,Adres
4124,Hagestein,,Vianen,Utrecht,0347,51.98333300,5.11666700,Adres
4126,Hei- en Boeicop,HEI EN BOEICOP,Zederik,Zuid-Holland,0345,51.95000000,5.10000000,Adres
4128,Lexmond,,Zederik,Zuid-Holland,0347,51.96666700,5.03333300,Adres
4130,Vianen,,Vianen,Utrecht,0347,52.00000000,5.10000000,Postbus
4131,Vianen,,Vianen,Utrecht,0347,52.00000000,5.10000000,Adres
4132,Vianen,,Vianen,Utrecht,0347,52.00000000,5.10000000,Adres
4133,Vianen,,Vianen,Utrecht,0347,52.00000000,5.10000000,Adres
4140,Leerdam,,Leerdam,Zuid-Holland,0345,51.88333300,5.10000000,Postbus
4141,Leerdam,,Leerdam,Zuid-Holland,0345,51.88333300,5.10000000,Adres
4142,Leerdam,,Leerdam,Zuid-Holland,0345,51.88333300,5.10000000,Adres
4143,Leerdam,,Leerdam,Zuid-Holland,0345,51.88333300,5.10000000,Adres
4145,Schoonrewoerd,,Leerdam,Zuid-Holland,0345,51.91666700,5.11666700,Adres
4147,Asperen,,Lingewaal,Gelderland,0345,51.88333300,5.11666700,Adres + Postbus
4151,Acquoy,,Geldermalsen,Gelderland,0345,51.88333300,5.13333300,Adres
4152,Rhenoy,,Geldermalsen,Gelderland,0345,51.88333300,5.15000000,Adres
4153,Beesd,,Geldermalsen,Gelderland,0345,51.88333300,5.20000000,Adres + Postbus
4155,Gellicum,,Geldermalsen,Gelderland,0345,51.88333300,5.15000000,Adres
4156,Rumpt,,Geldermalsen,Gelderland,0345,51.88333300,5.18333300,Adres
4157,Enspijk,ENSPYK,Geldermalsen,Gelderland,0345,51.88333300,5.21666700,Adres
4158,Deil,,Geldermalsen,Gelderland,0345,52.13333300,4.41666700,Adres
4161,Heukelum,,Lingewaal,Gelderland,0345,51.86666700,5.08333300,Adres
4163,Oosterwijk,OOSTERWYK,Leerdam,Zuid-Holland,0345,51.87805556,5.07833333,Adres
4170,Herwijnen,HERWYNEN,Lingewaal,Gelderland,0418,51.81666700,5.13333300,Postbus
4171,Herwijnen,HERWYNEN,Lingewaal,Gelderland,0418,51.81666700,5.13333300,Adres
4174,Hellouw,,Neerijnen,Gelderland,0418,51.83333300,5.18333300,Adres
4175,Haaften,,Neerijnen,Gelderland,0418,51.81666700,5.21666700,Adres + Postbus
4176,Tuil,,Neerijnen,Gelderland,0418,51.81666700,5.23333300,Adres
4180,Waardenburg,,Neerijnen,Gelderland,0418,51.83333300,5.26666700,Postbus
4181,Waardenburg,,Neerijnen,Gelderland,0418,51.83333300,5.26666700,Adres
4182,Neerijnen,NEERYNEN,Neerijnen,Gelderland,0418,51.83333300,5.28333300,Adres
4184,Opijnen,OPYNEN,Neerijnen,Gelderland,0418,51.83333300,5.30000000,Adres
4185,Est,,Neerijnen,Gelderland,0345,51.85000000,5.31666700,Adres
4190,Geldermalsen,,Geldermalsen,Gelderland,0345,51.88333300,5.30000000,Postbus
4191,Geldermalsen,,Geldermalsen,Gelderland,0345,51.88333300,5.30000000,Adres
4194,Meteren,,Geldermalsen,Gelderland,0345,51.86666700,5.28333300,Adres
4196,Tricht,,Geldermalsen,Gelderland,0345,51.88333300,5.26666700,Adres + Postbus
4197,Buurmalsen,,Geldermalsen,Gelderland,0345,51.90000000,5.30000000,Adres
4200,Gorinchem,,Gorinchem,Zuid-Holland,0183,51.83333300,4.96666700,Postbus
4201,Gorinchem,,Gorinchem,Zuid-Holland,0183,51.83333300,4.96666700,Adres
4202,Gorinchem,,Gorinchem,Zuid-Holland,0183,51.83333300,4.96666700,Adres
4203,Gorinchem,,Gorinchem,Zuid-Holland,0183,51.83333300,4.96666700,Adres
4204,Gorinchem,,Gorinchem,Zuid-Holland,0183,51.83333300,4.96666700,Adres
4205,Gorinchem,,Gorinchem,Zuid-Holland,0183,51.83333300,4.96666700,Adres
4206,Gorinchem,,Gorinchem,Zuid-Holland,0183,51.83333300,4.96666700,Adres
4207,Gorinchem,,Gorinchem,Zuid-Holland,0183,51.83333300,4.96666700,Adres
4209,Schelluinen,,Giessenlanden,Zuid-Holland,0183,51.85000000,4.93333300,Adres
4211,Spijk,Spijk Lingewaal,Lingewaal,Gelderland,0316,51.85000000,5.01666700,Adres
4212,Spijk,Spijk Lingewaal,Lingewaal,Gelderland,0316,51.85000000,5.01666700,Adres
4213,Dalem,,Gorinchem,Zuid-Holland,0183,51.83333300,5.01666700,Adres
4214,Vuren,,Lingewaal,Gelderland,0183,51.81666700,5.05000000,Adres + Postbus
4221,Hoogblokland,,Giessenlanden,Zuid-Holland,0183,51.88333300,4.98333300,Adres
4223,Hoornaar,,Giessenlanden,Zuid-Holland,0183,51.88333300,4.98333300,Adres + Postbus
4225,Noordeloos,,Giessenlanden,Zuid-Holland,0183,51.90000000,4.95000000,Adres
4230,Meerkerk,,Zederik,Zuid-Holland,0183,51.91666700,5.00000000,Postbus
4231,Meerkerk,,Zederik,Zuid-Holland,0183,51.91666700,5.00000000,Adres
4233,Ameide,,Zederik,Zuid-Holland,0183,51.95000000,4.96666700,Adres
4235,Tienhoven,,Zederik,Zuid-Holland,0183,51.96000000,4.94333333,Adres
4240,Arkel,,Giessenlanden,Zuid-Holland,0183,51.86666700,5.00000000,Postbus
4241,Arkel,,Giessenlanden,Zuid-Holland,0183,51.86666700,5.00000000,Adres
4243,Nieuwland,,Zederik,Zuid-Holland,0183,51.90000000,5.01666700,Adres
4245,Leerbroek,,Zederik,Zuid-Holland,0345,51.90000000,5.05000000,Adres
4247,Kedichem,,Leerdam,Zuid-Holland,0183,51.86666700,5.05000000,Adres
4250,Werkendam,,Werkendam,Noord-Brabant,0183,51.81666700,4.90000000,Postbus
4251,Werkendam,,Werkendam,Noord-Brabant,0183,51.81666700,4.90000000,Adres
4254,Sleeuwijk,SLEEUWYK,Werkendam,Noord-Brabant,0183,51.81666700,4.95000000,Adres + Postbus
4255,Nieuwendijk,NIEUWENDYK,Werkendam,Noord-Brabant,0183,51.76666700,4.95000000,Adres + Postbus
4260,Wijk en Aalburg,WYK EN AALBURG,Aalburg,Noord-Brabant,0416,51.75000000,5.13333300,Postbus
4261,Wijk en Aalburg,WYK EN AALBURG,Aalburg,Noord-Brabant,0416,51.75000000,5.13333300,Adres
4264,Veen,,,Noord-Brabant,0416,51.77694444,5.10972222,Adres + Postbus
4265,Genderen,,Aalburg,Noord-Brabant,0416,51.73333300,5.11666700,Adres
4266,Eethen,,Aalburg,Noord-Brabant,0416,51.73333300,5.08333300,Adres
4267,Drongelen,,Aalburg,Noord-Brabant,0416,51.71666700,5.08333300,Adres
4268,Meeuwen,,Aalburg,Noord-Brabant,0416,51.73333300,5.01666700,Adres
4269,Babyloniënbroek,BABYLONIENBROEK,Aalburg,Noord-Brabant,0416,51.75000000,5.05000000,Adres
4271,Dussen,,Werkendam,Noord-Brabant,0416,51.73333300,5.00000000,Adres
4273,Hank,,Werkendam,Noord-Brabant,0162,51.73333300,4.90000000,Adres
4280,Andel,,Woudrichem,Noord-Brabant,0183,51.78333300,5.05000000,Postbus
4281,Andel,,Woudrichem,Noord-Brabant,0183,51.78333300,5.05000000,Adres
4283,Giessen,,Woudrichem,Noord-Brabant,0183,51.78333300,5.03333300,Adres
4284,Rijswijk,Rijswijk Nb,Woudrichem,Noord-Brabant,0183,52.01666700,4.33333300,Adres + Postbus
4285,Woudrichem,,Woudrichem,Noord-Brabant,0183,51.81666700,5.00000000,Adres + Postbus
4286,Almkerk,,Woudrichem,Noord-Brabant,0183,51.76666700,4.96666700,Adres + Postbus
4287,Waardhuizen,,Woudrichem,Noord-Brabant,0183,51.78333300,5.01666700,Adres
4288,Uitwijk,UITWYK,Woudrichem,Noord-Brabant,0183,51.78333300,5.00000000,Adres
4300,Zierikzee,,Schouwen-Duiveland,Zeeland,0111,51.65000000,3.91666700,Postbus
4301,Zierikzee,,Schouwen-Duiveland,Zeeland,0111,51.65000000,3.91666700,Adres
4302,Zierikzee,,Schouwen-Duiveland,Zeeland,0111,51.65000000,3.91666700,Adres
4303,Zierikzee,,Schouwen-Duiveland,Zeeland,0111,51.65000000,3.91666700,Adres
4305,Ouwerkerk,,Schouwen-Duiveland,Zeeland,0111,51.63333300,3.98333300,Adres
4306,Nieuwerkerk,,Schouwen-Duiveland,Zeeland,0111,51.64861111,4.00111111,Adres
4307,Oosterland,,Schouwen-Duiveland,Zeeland,0111,51.65000000,4.03333300,Adres
4308,Sirjansland,,Schouwen-Duiveland,Zeeland,0111,51.68333300,4.03333300,Adres
4310,Bruinisse,,Schouwen-Duiveland,Zeeland,0111,51.66666700,4.10000000,Postbus
4311,Bruinisse,,Schouwen-Duiveland,Zeeland,0111,51.66666700,4.10000000,Adres
4315,Dreischor,,Schouwen-Duiveland,Zeeland,0111,51.68333300,3.98333300,Adres
4316,Zonnemaire,,Schouwen-Duiveland,Zeeland,0111,51.71666700,3.95000000,Adres
4317,Noordgouwe,,Schouwen-Duiveland,Zeeland,0111,51.70000000,3.95000000,Adres
4318,Brouwershaven,,Schouwen-Duiveland,Zeeland,0111,51.73333300,3.91666700,Adres + Postbus
4321,Kerkwerve,,Schouwen-Duiveland,Zeeland,0111,51.68333300,3.90000000,Adres
4322,Scharendijke,SCHARENDYKE,Schouwen-Duiveland,Zeeland,0111,51.73333300,3.85000000,Adres + Postbus
4323,Ellemeet,,Schouwen-Duiveland,Zeeland,0111,51.73333300,3.83333300,Adres
4325,Renesse,,Schouwen-Duiveland,Zeeland,0111,51.73333300,3.76666700,Adres
4326,Noordwelle,,Schouwen-Duiveland,Zeeland,0111,51.71666700,3.80000000,Adres
4327,Serooskerke,SEROOSKERKE WALCH,Schouwen-Duiveland,Zeeland,0118,51.54830000,3.59440000,Adres
4328,Burgh-Haamstede,Burgh Haamstede;Burgh,Schouwen-Duiveland,Zeeland,0111,51.68333300,3.73333300,Adres + Postbus
4330,Middelburg,,Middelburg,Zeeland,0118,51.50000000,3.61666700,Postbus
4331,Middelburg,,Middelburg,Zeeland,0118,51.50000000,3.61666700,Adres
4332,Middelburg,,Middelburg,Zeeland,0118,51.50000000,3.61666700,Adres
4333,Middelburg,,Middelburg,Zeeland,0118,51.50000000,3.61666700,Adres
4334,Middelburg,,Middelburg,Zeeland,0118,51.50000000,3.61666700,Adres
4335,Middelburg,,Middelburg,Zeeland,0118,51.50000000,3.61666700,Adres
4336,Middelburg,,Middelburg,Zeeland,0118,51.50000000,3.61666700,Adres
4337,Middelburg,,Middelburg,Zeeland,0118,51.50000000,3.61666700,Adres
4338,Middelburg,,Middelburg,Zeeland,0118,51.50000000,3.61666700,Adres
4339,Nieuw en Sint Joosland,NIEUW EN ST JOOSL,Middelburg,Zeeland,0118,51.48266000,3.66116000,Adres
4340,Arnemuiden,,Middelburg,Zeeland,0118,51.50000000,3.66666700,Postbus
4341,Arnemuiden,,Middelburg,Zeeland,0118,51.50000000,3.66666700,Adres
4351,Veere,,Veere,Zeeland,0118,51.55000000,3.66666700,Adres
4352,Gapinge,,Veere,Zeeland,0118,51.55000000,3.61666700,Adres
4353,Serooskerke,SEROOSKERKE WALCH,Schouwen-Duiveland,Zeeland,0118,51.54830000,3.59440000,Adres
4354,Vrouwenpolder,,Veere,Zeeland,0118,51.58333300,3.61666700,Adres
4356,Oostkapelle,,Veere,Zeeland,0118,51.56666700,3.55000000,Adres
4357,Domburg,,Veere,Zeeland,0118,51.56666700,3.50000000,Adres + Postbus
4360,Westkapelle,,Veere,Zeeland,0118,51.53333300,3.45000000,Adres + Postbus
4361,Westkapelle,,Veere,Zeeland,0118,51.53333300,3.45000000,Adres
4363,Aagtekerke,,Veere,Zeeland,0118,51.55000000,3.51666700,Adres
4364,Grijpskerke,GRYPSKERKE,Veere,Zeeland,0118,51.53333300,3.56666700,Adres
4365,Meliskerke,,Veere,Zeeland,0118,51.51666700,3.51666700,Adres
4370,Koudekerke,,Veere,Zeeland,0118,51.48333300,3.55000000,Postbus
4371,Koudekerke,,Veere,Zeeland,0118,51.48333300,3.55000000,Adres
4373,Biggekerke,,Veere,Zeeland,0118,51.50000000,3.51666700,Adres
4374,Zoutelande,,Veere,Zeeland,0118,51.50000000,3.48333300,Adres + Postbus
4380,Vlissingen,,Vlissingen,Zeeland,0118,51.45000000,3.58333300,Postbus
4381,Vlissingen,,Vlissingen,Zeeland,0118,51.45000000,3.58333300,Adres
4382,Vlissingen,,Vlissingen,Zeeland,0118,51.45000000,3.58333300,Adres
4383,Vlissingen,,Vlissingen,Zeeland,0118,51.45000000,3.58333300,Adres
4384,Vlissingen,,Vlissingen,Zeeland,0118,51.45000000,3.58333300,Adres
4385,Vlissingen,,Vlissingen,Zeeland,0118,51.45000000,3.58333300,Adres
4386,Vlissingen,,Vlissingen,Zeeland,0118,51.45000000,3.58333300,Adres
4387,Vlissingen,,Vlissingen,Zeeland,0118,51.45000000,3.58333300,Adres
4388,Oost-Souburg,OOST SOUBURG,Vlissingen,Zeeland,0118,51.46666700,3.60000000,Adres
4389,Ritthem,,Vlissingen,Zeeland,0118,51.45000000,3.63333300,Adres
4400,Yerseke,,Reimerswaal,Zeeland,0113,51.50000000,4.05000000,Postbus
4401,Yerseke,,Reimerswaal,Zeeland,0113,51.50000000,4.05000000,Adres
4411,Rilland,,Reimerswaal,Zeeland,0113,51.41666700,4.18333300,Adres
4413,Krabbendijke,KRABBENDYKE,Reimerswaal,Zeeland,0113,51.43333300,4.11666700,Adres + Postbus
4414,Waarde,,Reimerswaal,Zeeland,0113,51.41666700,4.06666700,Adres
4415,Oostdijk,OOSTDYK,Reimerswaal,Zeeland,0113,51.44420000,4.07780000,Adres
4416,Kruiningen,,Reimerswaal,Zeeland,0113,51.45000000,4.03333300,Adres + Postbus
4417,Hansweert,,Reimerswaal,Zeeland,0113,51.45000000,4.00000000,Adres
4420,Kapelle,,Kapelle,Zeeland,0113,51.48333330,3.95333330,Onbekend
4421,Kapelle,,Kapelle,Zeeland,0113,51.48333330,3.95333330,Adres
4423,Schore,,Kapelle,Zeeland,0113,51.46666700,4.00000000,Adres
4424,Wemeldinge,,Kapelle,Zeeland,0113,51.51666700,4.00000000,Adres
4430,'s-Gravenpolder,S GRAVENPOLDER,Borsele,Zeeland,0113,51.46000000,3.90560000,Postbus
4431,'s-Gravenpolder,S GRAVENPOLDER,Borsele,Zeeland,0113,51.27331500,3.54065100,Adres
4433,Hoedekenskerke,,Borsele,Zeeland,0113,51.41666700,3.91666700,Adres
4434,Kwadendamme,,Borsele,Zeeland,0113,51.43333300,3.88333300,Adres
4435,Baarland,,Borsele,Zeeland,0113,51.41666700,3.88333300,Adres
4436,Oudelande,,Borsele,Zeeland,0113,51.41666700,3.85000000,Adres
4437,Ellewoutsdijk,ELLEWOUTSDYK,Borsele,Zeeland,0113,51.38333300,3.81666700,Adres
4438,Driewegen,,Borsele,Zeeland,0113,51.31666700,3.85000000,Adres
4441,Ovezande,,Borsele,Zeeland,0113,51.43333300,3.81666700,Adres
4443,Nisse,,Borsele,Zeeland,0113,51.45000000,3.85000000,Adres
4444,'s-Heer-Abtskerke,S HEER ABTSKERKE,Borsele,Zeeland,0113,51.46666670,3.88333330,Adres
4450,Heinkenszand,,Borsele,Zeeland,0113,51.48333330,3.81666670,Postbus
4451,Heinkenszand,,Borsele,Zeeland,0113,51.48333330,3.81666670,Adres
4453,'s-Heerenhoek,S HEERENHOEK,Borsele,Zeeland,0113,51.45000000,3.76666670,Adres + Postbus
4454,Borssele,,Borsele,Zeeland,0113,51.45000000,3.80000000,Adres
4455,Nieuwdorp,,Borsele,Zeeland,0113,51.46666700,3.73333300,Adres
4456,Lewedorp,,Borsele,Zeeland,0113,51.50000000,3.75000000,Adres
4458,'s-Heer-Arendskerke,S HEER ARENDSKERKE,Goes,Zeeland,0113,51.50000000,3.81666670,Adres
4460,Goes,,Goes,Zeeland,0113,51.50000000,3.88333300,Postbus
4461,Goes,,Goes,Zeeland,0113,51.50000000,3.88333300,Adres
4462,Goes,,Goes,Zeeland,0113,51.50000000,3.88333300,Adres
4463,Goes,,Goes,Zeeland,0113,51.50000000,3.88333300,Adres
4464,Goes,,Goes,Zeeland,0113,51.50000000,3.88333300,Adres
4465,Goes,,Goes,Zeeland,0113,51.50000000,3.88333300,Adres
4471,Wolphaartsdijk,WOLPHAARTSDYK,Goes,Zeeland,0113,51.53333300,3.80000000,Adres
4472,'s-Heer-Hendrikskinderen,,Goes,Zeeland,0113,51.50000000,3.86666670,Adres
4474,Kattendijke,KATTENDYKE,Goes,Zeeland,0113,51.51666700,3.95000000,Adres
4475,Wilhelminadorp,,Goes,Zeeland,0113,51.52920000,3.89720000,Adres
4481,Kloetinge,,Goes,Zeeland,0113,51.50000000,3.91666700,Adres
4482,Kloetinge,,Goes,Zeeland,0113,51.50000000,3.91666700,Adres
4484,Kortgene,,Noord-Beveland,Zeeland,0113,51.56666700,3.80000000,Adres
4485,Kats,,Noord-Beveland,Zeeland,0113,51.56666700,3.88333300,Adres
4486,Colijnsplaat,COLYNSPLAAT,Noord-Beveland,Zeeland,0113,51.60000000,3.85000000,Adres
4490,Wissenkerke,,Noord-Beveland,Zeeland,0113,51.58333300,3.75000000,Postbus
4491,Wissenkerke,,Noord-Beveland,Zeeland,0113,51.58333300,3.75000000,Adres
4493,Kamperland,,Noord-Beveland,Zeeland,0113,51.56666700,3.70000000,Adres + Postbus
4494,Geersdijk,GEERSDYK,Noord-Beveland,Zeeland,0113,51.56666700,3.76666700,Adres
4500,Oostburg,,Sluis,Zeeland,0117,51.33333300,3.50000000,Postbus
4501,Oostburg,,Sluis,Zeeland,0117,51.33333300,3.50000000,Adres
4503,Groede,,Sluis,Zeeland,0117,51.38333300,3.50000000,Adres
4504,Nieuwvliet,,Sluis,Zeeland,0117,51.36666700,3.46666700,Adres
4505,Zuidzande,,Sluis,Zeeland,0117,51.35000000,3.45000000,Adres
4506,Cadzand,,Sluis,Zeeland,0117,51.36666700,3.41666700,Adres
4507,Schoondijke,SCHOONDYKE,Sluis,Zeeland,0117,51.35000000,3.55000000,Adres
4508,Waterlandkerkje,,Sluis,Zeeland,0117,51.31666700,3.56666700,Adres
4510,Breskens,,Sluis,Zeeland,0117,51.40000000,3.55000000,Postbus
4511,Breskens,,Sluis,Zeeland,0117,51.40000000,3.55000000,Adres
4513,Hoofdplaat,,Sluis,Zeeland,0117,51.36666700,3.66666700,Adres
4515,IJzendijke,,Sluis,Zeeland,0117,51.31666700,3.61666700,Adres
4520,Biervliet,,Terneuzen,Zeeland,0115,51.33333300,3.68333300,Postbus
4521,Biervliet,,Terneuzen,Zeeland,0115,51.33333300,3.68333300,Adres
4522,Biervliet,,Terneuzen,Zeeland,0115,51.33333300,3.68333300,Adres
4524,Sluis,,Sluis,Zeeland,0117,51.30868685,3.38638708,Adres + Postbus
4525,Retranchement,,Sluis,Zeeland,0117,51.35000000,3.38333300,Adres
4527,Aardenburg,,Sluis,Zeeland,0117,51.28333300,3.45000000,Adres + Postbus
4528,Sint Kruis,ST KRUIS,Sluis,Zeeland,0117,51.26666700,3.50000000,Adres
4529,Eede,,Sluis,Zeeland,0117,51.25000000,3.45000000,Adres
4530,Terneuzen,,Terneuzen,Zeeland,0115,51.33333300,3.83333300,Postbus
4531,Terneuzen,,Terneuzen,Zeeland,0115,51.33333300,3.83333300,Adres
4532,Terneuzen,,Terneuzen,Zeeland,0115,51.33333300,3.83333300,Adres
4533,Terneuzen,,Terneuzen,Zeeland,0115,51.33333300,3.83333300,Adres
4535,Terneuzen,,Terneuzen,Zeeland,0115,51.33333300,3.83333300,Adres
4536,Terneuzen,,Terneuzen,Zeeland,0115,51.33333300,3.83333300,Adres
4537,Terneuzen,,Terneuzen,Zeeland,0115,51.33333300,3.83333300,Adres
4538,Terneuzen,,Terneuzen,Zeeland,0115,51.33333300,3.83333300,Adres
4539,Spui,,Terneuzen,Zeeland,0115,51.29750000,3.87780000,Adres
4540,Sluiskil,,Terneuzen,Zeeland,0115,51.28333300,3.83333300,Postbus
4541,Sluiskil,,Terneuzen,Zeeland,0115,51.28333300,3.83333300,Adres
4542,Hoek,,Terneuzen,Zeeland,0115,51.28970000,3.86160000,Adres
4543,Zaamslag,,Terneuzen,Zeeland,0115,51.31666700,3.91666700,Adres + Postbus
4550,Sas van Gent,,Terneuzen,Zeeland,0115,51.23333300,3.80000000,Postbus
4551,Sas van Gent,,Terneuzen,Zeeland,0115,51.23333300,3.80000000,Adres
4553,Philippine,,Terneuzen,Zeeland,0115,51.28333300,3.76666700,Adres
4554,Westdorpe,,Terneuzen,Zeeland,0115,51.23333300,3.83333300,Adres
4560,Hulst,,Hulst,Zeeland,0114,51.28000000,4.05280000,Postbus
4561,Hulst,,Hulst,Zeeland,0114,51.28000000,4.05280000,Adres
4562,Hulst,,Hulst,Zeeland,0114,51.28000000,4.05280000,Adres
4564,Sint Jansteen,ST JANSTEEN,Hulst,Zeeland,0114,51.26666700,4.05000000,Adres + Postbus
4565,Kapellebrug,,Hulst,Zeeland,0114,51.25000000,4.06666700,Adres
4566,Heikant,,Hulst,Zeeland,0114,51.25083333,4.02472222,Adres
4567,Clinge,,Hulst,Zeeland,0114,51.26666700,4.10000000,Adres + Postbus
4568,Nieuw-Namen,NIEUW NAMEN,Hulst,Zeeland,0114,51.30000000,4.16666700,Adres
4569,Graauw,,Hulst,Zeeland,0114,51.33333300,4.10000000,Adres
4570,Axel,,Terneuzen,Zeeland,0115,51.26666700,3.91666700,Postbus
4571,Axel,,Terneuzen,Zeeland,0115,51.26666700,3.91666700,Adres
4574,Zuiddorpe,,Terneuzen,Zeeland,0115,51.23333300,3.90000000,Adres
4575,Overslag,,Terneuzen,Zeeland,0115,51.20000000,3.88333300,Adres
4576,Koewacht,,Terneuzen,Zeeland,0114,51.23333300,3.96666700,Adres
4581,Vogelwaarde,,Hulst,Zeeland,0114,51.33333300,3.96666700,Adres
4583,Ter Hole,TERHOLE,Hulst,Zeeland,0114,51.31666700,4.03333300,Adres
4584,Kuitaart,,Hulst,Zeeland,0114,51.35000000,4.03333300,Adres
4585,Hengstdijk,HENGSTDYK,Hulst,Zeeland,0114,51.35000000,4.00000000,Adres
4586,Lamswaarde,,Hulst,Zeeland,0114,51.35000000,4.05000000,Adres
4587,Kloosterzande,,Hulst,Zeeland,0114,51.36666700,4.01666700,Adres + Postbus
4588,Walsoorden,,Hulst,Zeeland,0114,51.38333300,4.03333300,Adres
4589,Ossenisse,,Hulst,Zeeland,0114,51.38333300,3.98333300,Adres
4600,Bergen op Zoom,,Bergen op Zoom,Noord-Brabant,0164,51.50000000,4.30000000,Postbus
4601,Bergen op Zoom,,Bergen op Zoom,Noord-Brabant,0164,51.50000000,4.30000000,Postbus
4602,Bergen op Zoom,,Bergen op Zoom,Noord-Brabant,0164,51.50000000,4.30000000,Postbus
4611,Bergen op Zoom,,Bergen op Zoom,Noord-Brabant,0164,51.50000000,4.30000000,Adres
4612,Bergen op Zoom,,Bergen op Zoom,Noord-Brabant,0164,51.50000000,4.30000000,Adres
4613,Bergen op Zoom,,Bergen op Zoom,Noord-Brabant,0164,51.50000000,4.30000000,Adres
4614,Bergen op Zoom,,Bergen op Zoom,Noord-Brabant,0164,51.50000000,4.30000000,Adres
4615,Bergen op Zoom,,Bergen op Zoom,Noord-Brabant,0164,51.50000000,4.30000000,Adres
4616,Bergen op Zoom,,Bergen op Zoom,Noord-Brabant,0164,51.50000000,4.30000000,Onbekend
4617,Bergen op Zoom,,Bergen op Zoom,Noord-Brabant,0164,51.50000000,4.30000000,Adres
4621,Bergen op Zoom,,Bergen op Zoom,Noord-Brabant,0164,51.50000000,4.30000000,Adres
4622,Bergen op Zoom,,Bergen op Zoom,Noord-Brabant,0164,51.50000000,4.30000000,Adres
4623,Bergen op Zoom,,Bergen op Zoom,Noord-Brabant,0164,51.50000000,4.30000000,Adres
4624,Bergen op Zoom,,Bergen op Zoom,Noord-Brabant,0164,51.50000000,4.30000000,Adres
4625,Bergen op Zoom,,Bergen op Zoom,Noord-Brabant,0164,51.50000000,4.30000000,Adres
4630,Hoogerheide,,Woensdrecht,Noord-Brabant,0164,51.41666700,4.31666700,Postbus
4631,Hoogerheide,,Woensdrecht,Noord-Brabant,0164,51.41666700,4.31666700,Adres
4634,Woensdrecht,,Woensdrecht,Noord-Brabant,0164,51.43333300,4.30000000,Adres
4635,Huijbergen,HUYBERGEN,Woensdrecht,Noord-Brabant,0164,51.43333300,4.36666700,Adres
4640,Ossendrecht,,Woensdrecht,Noord-Brabant,0164,51.40000000,4.33333300,Adres + Postbus
4641,Ossendrecht,,Woensdrecht,Noord-Brabant,0164,51.40000000,4.33333300,Adres
4645,Putte,,Woensdrecht,Noord-Brabant,0164,51.36666700,4.38333300,Adres + Postbus
4650,Steenbergen,,Steenbergen,Noord-Brabant,0167,53.16749700,7.03777300,Postbus
4651,Steenbergen,,Steenbergen,Noord-Brabant,0167,51.58248000,4.32085000,Adres
4652,Steenbergen,,Steenbergen,Noord-Brabant,0167,51.58547000,4.32162000,Adres
4655,De Heen,,Steenbergen,Noord-Brabant,0167,51.61666700,4.26666700,Adres
4660,Halsteren,,Bergen op Zoom,Noord-Brabant,0164,51.53333300,4.26666700,Postbus
4661,Halsteren,,Bergen op Zoom,Noord-Brabant,0164,51.53333300,4.26666700,Adres
4664,Lepelstraat,,Bergen op Zoom,Noord-Brabant,0164,51.55000000,4.28333300,Adres
4670,Dinteloord,,Steenbergen,Noord-Brabant,0167,51.63333300,4.36666700,Postbus
4671,Dinteloord,,Steenbergen,Noord-Brabant,0167,51.63333300,4.36666700,Adres
4675,Sint Philipsland,ST PHILIPSLAND,Tholen,Zeeland,0167,51.63333300,4.13333300,Adres + Postbus
4681,Nieuw-Vossemeer,NIEUW VOSSEMEER,Steenbergen,Noord-Brabant,0167,51.58333300,4.21666700,Adres
4690,Tholen,,Tholen,Zeeland,0166,51.58333300,4.10000000,Postbus
4691,Tholen,,Tholen,Zeeland,0166,51.58333300,4.10000000,Adres
4693,Poortvliet,,Tholen,Zeeland,0166,51.55000000,4.15000000,Adres
4694,Scherpenisse,,Tholen,Zeeland,0166,51.55000000,4.10000000,Adres
4695,Sint Maartensdijk,ST MAARTENSDYK,Tholen,Zeeland,0166,51.55000000,4.08333300,Adres
4696,Stavenisse,,Tholen,Zeeland,0166,51.58333300,4.01666700,Adres
4697,Sint Annaland,ST ANNALAND,Tholen,Zeeland,0166,51.60000000,4.10000000,Adres + Postbus
4698,Oud-Vossemeer,OUD VOSSEMEER,Tholen,Zeeland,0166,51.56666700,4.20000000,Adres + Postbus
4700,Roosendaal,,Roosendaal,Noord-Brabant,0165,51.53282900,4.45847500,Postbus
4701,Roosendaal,,Roosendaal,Noord-Brabant,0165,51.53282900,4.45847500,Adres
4702,Roosendaal,,Roosendaal,Noord-Brabant,0165,51.53282900,4.45847500,Adres
4703,Roosendaal,,Roosendaal,Noord-Brabant,0165,51.53282900,4.45847500,Adres
4704,Roosendaal,,Roosendaal,Noord-Brabant,0165,51.53282900,4.45847500,Adres
4705,Roosendaal,,Roosendaal,Noord-Brabant,0165,51.53282900,4.45847500,Adres
4706,Roosendaal,,Roosendaal,Noord-Brabant,0165,51.53282900,4.45847500,Adres
4707,Roosendaal,,Roosendaal,Noord-Brabant,0165,51.53282900,4.45847500,Adres
4708,Roosendaal,,Roosendaal,Noord-Brabant,0165,51.53282900,4.45847500,Adres
4709,Nispen,,Roosendaal,Noord-Brabant,0165,51.48333300,4.46666700,Adres
4711,Sint Willebrord,ST WILLEBRORD,Rucphen,Noord-Brabant,0165,51.55000000,4.60000000,Adres
4714,Sprundel,,Rucphen,Noord-Brabant,0165,51.53333300,4.60000000,Adres + Postbus
4715,Rucphen,,Rucphen,Noord-Brabant,0165,51.53333300,4.56666700,Adres
4721,Schijf,SCHYF,Rucphen,Noord-Brabant,0165,51.50000000,4.56666700,Adres
4722,Schijf,SCHYF,Rucphen,Noord-Brabant,0165,51.50000000,4.56666700,Adres
4724,Wouw,,Roosendaal,Noord-Brabant,0165,51.51666700,4.38333300,Adres
4725,Wouwse Plantage,,Roosendaal,Noord-Brabant,0165,51.46666700,4.38333300,Adres
4726,Heerle,,Roosendaal,Noord-Brabant,0165,51.51666700,4.36666700,Adres
4727,Moerstraten,,Roosendaal,Noord-Brabant,0165,51.53333300,4.35000000,Adres
4730,Oudenbosch,,Halderberge,Noord-Brabant,0165,51.58885600,4.52546600,Postbus
4731,Oudenbosch,,Halderberge,Noord-Brabant,0165,51.58885600,4.52546600,Adres
4735,Zegge,,Rucphen,Noord-Brabant,0165,51.56666700,4.51666700,Adres
4741,Hoeven,,Halderberge,Noord-Brabant,0165,51.57809588,4.58692954,Adres
4744,Bosschenhoofd,,Halderberge,Noord-Brabant,0165,51.56666700,4.55000000,Adres
4750,Oud Gastel,,Halderberge,Noord-Brabant,0165,51.58765000,4.45944000,Postbus
4751,Oud Gastel,,Halderberge,Noord-Brabant,0165,51.58702000,4.46607000,Adres
4754,Stampersgat,,Halderberge,Noord-Brabant,0165,51.61666700,4.43333300,Adres
4756,Kruisland,,Steenbergen,Noord-Brabant,0167,51.56666700,4.41666700,Adres
4758,Standdaarbuiten,,Moerdijk,Noord-Brabant,0165,51.61666700,4.51666700,Adres
4759,Noordhoek,,Moerdijk,Noord-Brabant,0168,51.56666670,4.51666670,Adres
4760,Zevenbergen,,Moerdijk,Noord-Brabant,0168,51.64500000,4.60420000,Postbus
4761,Zevenbergen,,Moerdijk,Noord-Brabant,0168,51.64500000,4.60420000,Adres
4762,Zevenbergen,,Moerdijk,Noord-Brabant,0168,51.64500000,4.60420000,Adres
4765,Zevenbergschen Hoek,ZEVENBERGS HOEK,Moerdijk,Noord-Brabant,0168,51.66666700,4.68333300,Adres
4766,Zevenbergschen Hoek,ZEVENBERGS HOEK,Moerdijk,Noord-Brabant,0168,51.66666700,4.68333300,Adres
4771,Langeweg,,Moerdijk,Noord-Brabant,0168,51.65000000,4.66666700,Adres
4772,Langeweg,,Moerdijk,Noord-Brabant,0168,51.65000000,4.66666700,Adres
4780,Moerdijk,MOERDYK,Moerdijk,Noord-Brabant,0168,51.70000000,4.63333300,Postbus
4781,Moerdijk,MOERDYK,Moerdijk,Noord-Brabant,0168,51.70000000,4.63333300,Adres
4782,Moerdijk,MOERDYK,Moerdijk,Noord-Brabant,0168,51.70000000,4.63333300,Adres
4790,Klundert,,Moerdijk,Noord-Brabant,0168,51.66666700,4.53333300,Postbus
4791,Klundert,,Moerdijk,Noord-Brabant,0168,51.66666700,4.53333300,Adres
4793,Fijnaart,FYNAART,Moerdijk,Noord-Brabant,0168,51.63333300,4.46666700,Adres + Postbus
4794,Heijningen,HEYNINGEN,Moerdijk,Noord-Brabant,0168,51.65000000,4.41666700,Adres
4796,Oudemolen,,Moerdijk,Noord-Brabant,0168,51.65580000,4.48680000,Adres
4797,Willemstad,,Moerdijk,Noord-Brabant,0168,51.70000000,4.43333300,Adres + Postbus
4800,Breda,,Breda,Noord-Brabant,076,51.56666700,4.80000000,Postbus
4801,Breda,,Breda,Noord-Brabant,076,51.56666700,4.80000000,Postbus
4802,Breda,,Breda,Noord-Brabant,076,51.56666700,4.80000000,Postbus
4803,Breda,,Breda,Noord-Brabant,076,51.56666700,4.80000000,Adres + Postbus
4811,Breda,,Breda,Noord-Brabant,076,51.56666700,4.80000000,Adres
4812,Breda,,Breda,Noord-Brabant,076,51.56666700,4.80000000,Adres
4813,Breda,,Breda,Noord-Brabant,076,51.56666700,4.80000000,Adres
4814,Breda,,Breda,Noord-Brabant,076,51.56666700,4.80000000,Adres
4815,Breda,,Breda,Noord-Brabant,076,51.56666700,4.80000000,Adres
4816,Breda,,Breda,Noord-Brabant,076,51.56666700,4.80000000,Adres
4817,Breda,,Breda,Noord-Brabant,076,51.56666700,4.80000000,Adres
4818,Breda,,Breda,Noord-Brabant,076,51.56666700,4.80000000,Adres
4819,Breda,,Breda,Noord-Brabant,076,51.56666700,4.80000000,Adres
4820,Breda,,Breda,Noord-Brabant,076,51.56666700,4.80000000,Postbus
4822,Breda,,Breda,Noord-Brabant,076,51.56666700,4.80000000,Adres
4823,Breda,,Breda,Noord-Brabant,076,51.56666700,4.80000000,Adres
4824,Breda,,Breda,Noord-Brabant,076,51.56666700,4.80000000,Adres
4825,Breda,,Breda,Noord-Brabant,076,51.56666700,4.80000000,Adres
4826,Breda,,Breda,Noord-Brabant,076,51.56666700,4.80000000,Adres
4827,Breda,,Breda,Noord-Brabant,076,51.56666700,4.80000000,Adres
4834,Breda,,Breda,Noord-Brabant,076,51.56666700,4.80000000,Adres
4835,Breda,,Breda,Noord-Brabant,076,51.56666700,4.80000000,Adres
4836,Breda,,Breda,Noord-Brabant,076,51.56666700,4.80000000,Adres
4837,Breda,,Breda,Noord-Brabant,076,51.56666700,4.80000000,Adres
4838,Breda,,Breda,Noord-Brabant,076,51.56666700,4.80000000,Adres
4839,Breda,,Breda,Noord-Brabant,076,51.56666700,4.80000000,Adres
4840,Prinsenbeek,,Breda,Noord-Brabant,076,51.60000000,4.71666700,Postbus
4841,Prinsenbeek,,Breda,Noord-Brabant,076,51.60000000,4.71666700,Adres
4844,Terheijden,TERHEYDEN,Drimmelen,Noord-Brabant,076,51.65000000,4.75000000,Adres + Postbus
4845,Wagenberg,,Drimmelen,Noord-Brabant,076,51.66666700,4.75000000,Adres
4847,Teteringen,,Breda,Noord-Brabant,076,51.61666700,4.83333300,Adres + Postbus
4849,Dorst,,Oosterhout,Noord-Brabant,0161,51.60000000,4.88333300,Adres + Postbus
4850,Ulvenhout,,Breda,Noord-Brabant,076,51.55000000,4.80000000,Postbus
4851,Ulvenhout,,Breda,Noord-Brabant,076,51.55000000,4.80000000,Adres
4854,Bavel,,Breda,Noord-Brabant,0161,51.56666700,4.83333300,Adres
4855,Galder,,Alphen-Chaam,Noord-Brabant,076,51.51666700,4.78333300,Adres
4856,Strijbeek,STRYBEEK,Alphen-Chaam,Noord-Brabant,076,51.50000000,4.80000000,Adres
4858,Ulvenhout,,Alphen-Chaam,Noord-Brabant,076,51.55000000,4.80000000,Adres
4859,Bavel,,Breda,Noord-Brabant,0161,51.56666700,4.83333300,Adres
4860,Chaam,,Alphen-Chaam,Noord-Brabant,0161,51.50000000,4.86666700,Postbus
4861,Chaam,,Alphen-Chaam,Noord-Brabant,0161,51.50000000,4.86666700,Adres
4870,Etten-Leur,ETTEN LEUR,Etten-Leur,Noord-Brabant,076,51.56958000,4.63577000,Postbus
4871,Etten-Leur,ETTEN LEUR,Etten-Leur,Noord-Brabant,076,51.56958000,4.63577000,Adres
4872,Etten-Leur,ETTEN LEUR,Etten-Leur,Noord-Brabant,076,51.56958000,4.63577000,Adres
4873,Etten-Leur,ETTEN LEUR,Etten-Leur,Noord-Brabant,076,51.56958000,4.63577000,Adres
4874,Etten-Leur,ETTEN LEUR,Etten-Leur,Noord-Brabant,076,51.56958000,4.63577000,Adres
4875,Etten-Leur,ETTEN LEUR,Etten-Leur,Noord-Brabant,076,51.56958000,4.63577000,Adres
4876,Etten-Leur,ETTEN LEUR,Etten-Leur,Noord-Brabant,076,51.56958000,4.63577000,Adres
4877,Etten-Leur,ETTEN LEUR,Etten-Leur,Noord-Brabant,076,51.56958000,4.63577000,Adres
4878,Etten-Leur,ETTEN LEUR,Etten-Leur,Noord-Brabant,076,51.56958000,4.63577000,Adres
4879,Etten-Leur,ETTEN LEUR,Etten-Leur,Noord-Brabant,076,51.56958000,4.63577000,Adres
4880,Zundert,,Zundert,Noord-Brabant,076,51.46666700,4.66666700,Postbus
4881,Zundert,,Zundert,Noord-Brabant,076,51.46666700,4.66666700,Adres
4882,Zundert,,Zundert,Noord-Brabant,076,51.46666700,4.66666700,Adres
4884,Wernhout,,Zundert,Noord-Brabant,076,51.46666700,4.65000000,Adres
4885,Achtmaal,,Zundert,Noord-Brabant,076,51.45000000,4.58333300,Adres
4890,Rijsbergen,RYSBERGEN,Zundert,Noord-Brabant,076,51.51666700,4.70000000,Postbus
4891,Rijsbergen,RYSBERGEN,Zundert,Noord-Brabant,076,51.51666700,4.70000000,Adres
4900,Oosterhout,Oosterhout Nb,Oosterhout,Noord-Brabant,0162,51.65003037,4.86256027,Postbus
4901,Oosterhout,Oosterhout Nb,Oosterhout,Noord-Brabant,0162,51.65003037,4.86256027,Adres
4902,Oosterhout,Oosterhout Nb,Oosterhout,Noord-Brabant,0162,51.65003037,4.86256027,Adres
4903,Oosterhout,Oosterhout Nb,Oosterhout,Noord-Brabant,0162,51.65003037,4.86256027,Adres
4904,Oosterhout,Oosterhout Nb,Oosterhout,Noord-Brabant,0162,51.65003037,4.86256027,Adres
4905,Oosterhout,Oosterhout Nb,Oosterhout,Noord-Brabant,0162,51.65003037,4.86256027,Adres
4906,Oosterhout,Oosterhout Nb,Oosterhout,Noord-Brabant,0162,51.65003037,4.86256027,Adres
4907,Oosterhout,Oosterhout Nb,Oosterhout,Noord-Brabant,0162,51.65003037,4.86256027,Adres
4908,Oosterhout,Oosterhout Nb,Oosterhout,Noord-Brabant,0162,51.65003037,4.86256027,Adres
4909,Oosteind,,Oosterhout,Noord-Brabant,0162,51.64420000,4.89780000,Adres
4911,Den Hout,,Oosterhout,Noord-Brabant,0162,51.65750000,4.81250000,Adres
4920,Made,,Drimmelen,Noord-Brabant,0162,51.68333300,4.80000000,Postbus
4921,Made,,Drimmelen,Noord-Brabant,0162,51.68333300,4.80000000,Adres
4924,Drimmelen,,Drimmelen,Noord-Brabant,0162,51.70000000,4.78333300,Adres
4926,Lage Zwaluwe,,Drimmelen,Noord-Brabant,0168,51.71666700,4.73333300,Adres + Postbus
4927,Hooge Zwaluwe,,Drimmelen,Noord-Brabant,0168,51.68333300,4.75000000,Adres
4930,Geertruidenberg,,Geertruidenberg,Noord-Brabant,0162,51.70000000,4.86666700,Postbus
4931,Geertruidenberg,,Geertruidenberg,Noord-Brabant,0162,51.70000000,4.86666700,Adres
4940,Raamsdonksveer,,Geertruidenberg,Noord-Brabant,0162,51.70000000,4.90000000,Postbus
4941,Raamsdonksveer,,Geertruidenberg,Noord-Brabant,0162,51.70000000,4.90000000,Adres
4942,Raamsdonksveer,,Geertruidenberg,Noord-Brabant,0162,51.70000000,4.90000000,Adres
4944,Raamsdonk,,Geertruidenberg,Noord-Brabant,0162,51.68333300,4.91666700,Adres
5000,Tilburg,,Tilburg,Noord-Brabant,013,51.55000000,5.11666700,Postbus
5001,Tilburg,,Tilburg,Noord-Brabant,013,51.55000000,5.11666700,Postbus
5003,Tilburg,,Tilburg,Noord-Brabant,013,51.55000000,5.11666700,Postbus
5004,Tilburg,,Tilburg,Noord-Brabant,013,51.55000000,5.11666700,Adres + Postbus
5011,Tilburg,,Tilburg,Noord-Brabant,013,51.55000000,5.11666700,Adres
5012,Tilburg,,Tilburg,Noord-Brabant,013,51.55000000,5.11666700,Adres
5013,Tilburg,,Tilburg,Noord-Brabant,013,51.55000000,5.11666700,Adres
5014,Tilburg,,Tilburg,Noord-Brabant,013,51.55000000,5.11666700,Adres
5015,Tilburg,,Tilburg,Noord-Brabant,013,51.55000000,5.11666700,Adres
5017,Tilburg,,Tilburg,Noord-Brabant,013,51.55000000,5.11666700,Adres
5018,Tilburg,,Tilburg,Noord-Brabant,013,51.55000000,5.11666700,Adres
5021,Tilburg,,Tilburg,Noord-Brabant,013,51.55000000,5.11666700,Adres
5022,Tilburg,,Tilburg,Noord-Brabant,013,51.55000000,5.11666700,Adres
5025,Tilburg,,Tilburg,Noord-Brabant,013,51.55000000,5.11666700,Adres
5026,Tilburg,,Tilburg,Noord-Brabant,013,51.55000000,5.11666700,Adres
5032,Tilburg,,Tilburg,Noord-Brabant,013,51.55000000,5.11666700,Adres
5035,Tilburg,,Tilburg,Noord-Brabant,013,51.55000000,5.11666700,Adres
5036,Tilburg,,Tilburg,Noord-Brabant,013,51.55000000,5.11666700,Adres
5037,Tilburg,,Tilburg,Noord-Brabant,013,51.55000000,5.11666700,Adres
5038,Tilburg,,Tilburg,Noord-Brabant,013,51.55000000,5.11666700,Adres
5041,Tilburg,,Tilburg,Noord-Brabant,013,51.55000000,5.11666700,Adres
5042,Tilburg,,Tilburg,Noord-Brabant,013,51.55000000,5.11666700,Adres
5043,Tilburg,,Tilburg,Noord-Brabant,013,51.55000000,5.11666700,Adres
5044,Tilburg,,Tilburg,Noord-Brabant,013,51.55000000,5.11666700,Adres
5045,Tilburg,,Tilburg,Noord-Brabant,013,51.55000000,5.11666700,Adres
5046,Tilburg,,Tilburg,Noord-Brabant,013,51.55000000,5.11666700,Adres
5047,Tilburg,,Tilburg,Noord-Brabant,013,51.55000000,5.11666700,Adres
5048,Tilburg,,Tilburg,Noord-Brabant,013,51.55000000,5.11666700,Adres
5049,Tilburg,,Tilburg,Noord-Brabant,013,51.55000000,5.11666700,Adres
5050,Goirle,,Goirle,Noord-Brabant,013,51.51666700,5.06666700,Postbus
5051,Goirle,,Goirle,Noord-Brabant,013,51.51666700,5.06666700,Adres
5052,Goirle,,Goirle,Noord-Brabant,013,51.51666700,5.06666700,Adres
5053,Goirle,,Goirle,Noord-Brabant,013,51.51666700,5.06666700,Adres
5056,Berkel-Enschot,BERKEL ENSCHOT,Tilburg,Noord-Brabant,013,51.58259000,5.14124000,Adres + Postbus
5059,Heukelom,,Oisterwijk,Noord-Brabant,013,51.57670000,5.15690000,Adres
5060,Oisterwijk,OISTERWYK,Oisterwijk,Noord-Brabant,013,51.58333300,5.20000000,Postbus
5061,Oisterwijk,OISTERWYK,Oisterwijk,Noord-Brabant,013,51.58333300,5.20000000,Adres
5062,Oisterwijk,OISTERWYK,Oisterwijk,Noord-Brabant,013,51.58333300,5.20000000,Adres
5063,Oisterwijk,OISTERWYK,Oisterwijk,Noord-Brabant,013,51.58333300,5.20000000,Adres
5066,Moergestel,,Oisterwijk,Noord-Brabant,013,51.55000000,5.18333300,Adres + Postbus
5070,Udenhout,,Tilburg,Noord-Brabant,013,51.61666700,5.15000000,Postbus
5071,Udenhout,,Tilburg,Noord-Brabant,013,51.61666700,5.15000000,Adres
5074,Biezenmortel,,Haaren,Noord-Brabant,013,51.63333300,5.18333300,Adres
5076,Haaren,,Haaren,Noord-Brabant,0411,51.60000000,5.23333300,Adres + Postbus
5080,Hilvarenbeek,,Hilvarenbeek,Noord-Brabant,013,51.48333300,5.13333300,Postbus
5081,Hilvarenbeek,,Hilvarenbeek,Noord-Brabant,013,51.48333300,5.13333300,Adres
5084,Biest-Houtakker,Biest Houtakker;Biest,Hilvarenbeek,Noord-Brabant,013,51.51666700,5.15000000,Adres
5085,Esbeek,,Hilvarenbeek,Noord-Brabant,013,51.46666700,5.13333300,Adres
5087,Diessen,,Hilvarenbeek,Noord-Brabant,013,51.46666700,5.18333300,Adres + Postbus
5089,Haghorst,,Hilvarenbeek,Noord-Brabant,013,51.50000000,5.21666700,Adres
5091,Oost- West- en Middelbeers,Oost West en Middelbeers,Oirschot,Noord-Brabant,013,51.46666670,5.25000000,Adres
5094,Lage Mierde,,Reusel-De Mierden,Noord-Brabant,013,51.40000000,5.15000000,Adres
5095,Hooge Mierde,,Reusel-De Mierden,Noord-Brabant,013,51.38333300,5.11666700,Adres
5096,Hulsel,,Reusel-De Mierden,Noord-Brabant,013,51.38333300,5.18333300,Adres
5100,Dongen,,Dongen,Noord-Brabant,0162,51.61666700,4.96666700,Postbus
5101,Dongen,,Dongen,Noord-Brabant,0162,51.61666700,4.96666700,Adres
5102,Dongen,,Dongen,Noord-Brabant,0162,51.61666700,4.96666700,Adres
5103,Dongen,,Dongen,Noord-Brabant,0162,51.61666700,4.96666700,Adres
5104,Dongen,,Dongen,Noord-Brabant,0162,51.61666700,4.96666700,Adres
5105,Dongen,,Dongen,Noord-Brabant,0162,51.61666700,4.96666700,Adres
5106,Dongen,,Dongen,Noord-Brabant,0162,51.61666700,4.96666700,Adres
5107,Dongen,,Dongen,Noord-Brabant,0162,51.61666700,4.96666700,Adres
5109,'s-Gravenmoer,S GRAVENMOER,Dongen,Noord-Brabant,0162,51.66666670,4.80000000,Adres + Postbus
5110,Baarle-Nassau,BAARLE NASSAU;Baarle-Hertog-Nassau;Baarle-Nassau-Hertog,Baarle-Nassau,Noord-Brabant,013,51.45000000,4.93333300,Postbus
5111,Baarle-Nassau,BAARLE NASSAU;Baarle-Hertog-Nassau;Baarle-Nassau-Hertog,Baarle-Nassau,Noord-Brabant,013,51.45000000,4.93333300,Adres
5113,Ulicoten,,Baarle-Nassau,Noord-Brabant,013,51.46666700,4.86666700,Adres
5114,Castelré,CASTELRE,Baarle-Nassau,Noord-Brabant,013,51.43333330,4.78333330,Adres
5120,Rijen,,Gilze en Rijen,Noord-Brabant,0161,51.58333300,4.95000000,Postbus
5121,Rijen,,Gilze en Rijen,Noord-Brabant,0161,51.58333300,4.95000000,Adres
5122,Rijen,,Gilze en Rijen,Noord-Brabant,0161,51.58333300,4.95000000,Adres
5124,Molenschot,,Gilze en Rijen,Noord-Brabant,0161,51.56666700,4.88333300,Adres
5125,Hulten,,Gilze en Rijen,Noord-Brabant,0161,51.56666700,4.95000000,Adres
5126,Gilze,,Gilze en Rijen,Noord-Brabant,0161,51.55000000,4.95000000,Adres + Postbus
5130,Alphen,,Alphen-Chaam,Noord-Brabant,013,51.48333333,4.96666667,Postbus
5131,Alphen,,Alphen-Chaam,Noord-Brabant,013,51.48333333,4.96666667,Adres
5133,Riel,,Goirle,Noord-Brabant,013,51.52580000,5.02360000,Adres
5140,Waalwijk,WAALWYK,Waalwijk,Noord-Brabant,0416,51.68333300,5.06666700,Adres + Postbus
5141,Waalwijk,WAALWYK,Waalwijk,Noord-Brabant,0416,51.68333300,5.06666700,Adres
5142,Waalwijk,WAALWYK,Waalwijk,Noord-Brabant,0416,51.68333300,5.06666700,Adres
5143,Waalwijk,WAALWYK,Waalwijk,Noord-Brabant,0416,51.68333300,5.06666700,Adres
5144,Waalwijk,WAALWYK,Waalwijk,Noord-Brabant,0416,51.68333300,5.06666700,Adres
5145,Waalwijk,WAALWYK,Waalwijk,Noord-Brabant,0416,51.68333300,5.06666700,Adres
5146,Waalwijk,WAALWYK,Waalwijk,Noord-Brabant,0416,51.68333300,5.06666700,Adres
5150,Drunen,,Heusden,Noord-Brabant,0416,51.68333300,5.16666700,Adres + Postbus
5151,Drunen,,Heusden,Noord-Brabant,0416,51.68333300,5.16666700,Adres
5152,Drunen,,Heusden,Noord-Brabant,0416,51.68333300,5.16666700,Adres
5154,Elshout,,Heusden,Noord-Brabant,0416,51.69916667,5.14500000,Adres
5160,Sprang-Capelle,SPRANG CAPELLE,Waalwijk,Noord-Brabant,0416,51.66666700,5.05000000,Postbus
5161,Sprang-Capelle,SPRANG CAPELLE,Waalwijk,Noord-Brabant,0416,51.66666700,5.05000000,Adres
5165,Waspik,,Waalwijk,Noord-Brabant,0416,51.68333300,4.95000000,Adres + Postbus
5170,Kaatsheuvel,,Loon op Zand,Noord-Brabant,0416,51.66666700,5.06666700,Postbus
5171,Kaatsheuvel,,Loon op Zand,Noord-Brabant,0416,51.66666700,5.06666700,Adres
5172,Kaatsheuvel,,Loon op Zand,Noord-Brabant,0416,51.66666700,5.06666700,Adres
5175,Loon op Zand,,Loon op Zand,Noord-Brabant,0416,51.63333300,5.08333300,Adres + Postbus
5176,De Moer,,Loon op Zand,Noord-Brabant,013,51.61666700,5.00000000,Adres
5200,'s-Hertogenbosch,S HERTOGENBOSCH;Den Bosch,'s-Hertogenbosch,Noord-Brabant,073,51.68922000,5.30421000,Postbus
5201,'s-Hertogenbosch,S HERTOGENBOSCH;Den Bosch,'s-Hertogenbosch,Noord-Brabant,073,51.68922000,5.30421000,Postbus
5202,'s-Hertogenbosch,S HERTOGENBOSCH;Den Bosch,'s-Hertogenbosch,Noord-Brabant,073,51.68922000,5.30421000,Postbus
5203,'s-Hertogenbosch,S HERTOGENBOSCH;Den Bosch,'s-Hertogenbosch,Noord-Brabant,073,51.68922000,5.30421000,Adres + Postbus
5211,'s-Hertogenbosch,S HERTOGENBOSCH;Den Bosch,'s-Hertogenbosch,Noord-Brabant,073,51.68922000,5.30421000,Adres
5212,'s-Hertogenbosch,S HERTOGENBOSCH;Den Bosch,'s-Hertogenbosch,Noord-Brabant,073,51.68922000,5.30421000,Adres
5213,'s-Hertogenbosch,S HERTOGENBOSCH;Den Bosch,'s-Hertogenbosch,Noord-Brabant,073,51.68922000,5.30421000,Adres
5215,'s-Hertogenbosch,S HERTOGENBOSCH;Den Bosch,'s-Hertogenbosch,Noord-Brabant,073,51.68922000,5.30421000,Adres
5216,'s-Hertogenbosch,S HERTOGENBOSCH;Den Bosch,'s-Hertogenbosch,Noord-Brabant,073,51.68922000,5.30421000,Adres
5221,'s-Hertogenbosch,S HERTOGENBOSCH;Den Bosch,'s-Hertogenbosch,Noord-Brabant,073,51.68922000,5.30421000,Adres
5222,'s-Hertogenbosch,S HERTOGENBOSCH;Den Bosch,'s-Hertogenbosch,Noord-Brabant,073,51.68922000,5.30421000,Adres
5223,'s-Hertogenbosch,S HERTOGENBOSCH;Den Bosch,'s-Hertogenbosch,Noord-Brabant,073,51.68922000,5.30421000,Adres
5224,'s-Hertogenbosch,S HERTOGENBOSCH;Den Bosch,'s-Hertogenbosch,Noord-Brabant,073,51.68922000,5.30421000,Adres
5231,'s-Hertogenbosch,S HERTOGENBOSCH;Den Bosch,'s-Hertogenbosch,Noord-Brabant,073,51.68922000,5.30421000,Adres
5232,'s-Hertogenbosch,S HERTOGENBOSCH;Den Bosch,'s-Hertogenbosch,Noord-Brabant,073,51.68922000,5.30421000,Adres
5233,'s-Hertogenbosch,S HERTOGENBOSCH;Den Bosch,'s-Hertogenbosch,Noord-Brabant,073,51.68922000,5.30421000,Adres
5234,'s-Hertogenbosch,S HERTOGENBOSCH;Den Bosch,'s-Hertogenbosch,Noord-Brabant,073,51.68922000,5.30421000,Adres
5235,'s-Hertogenbosch,S HERTOGENBOSCH;Den Bosch,'s-Hertogenbosch,Noord-Brabant,073,51.68922000,5.30421000,Adres
5236,'s-Hertogenbosch,S HERTOGENBOSCH;Den Bosch,'s-Hertogenbosch,Noord-Brabant,073,51.68922000,5.30421000,Adres
5237,'s-Hertogenbosch,S HERTOGENBOSCH;Den Bosch,'s-Hertogenbosch,Noord-Brabant,073,51.68922000,5.30421000,Adres
5240,Rosmalen,,'s-Hertogenbosch,Noord-Brabant,073,51.71666700,5.36666700,Postbus
5241,Rosmalen,,'s-Hertogenbosch,Noord-Brabant,073,51.71666700,5.36666700,Adres
5242,Rosmalen,,'s-Hertogenbosch,Noord-Brabant,073,51.71666700,5.36666700,Adres
5243,Rosmalen,,'s-Hertogenbosch,Noord-Brabant,073,51.71666700,5.36666700,Adres
5244,Rosmalen,,'s-Hertogenbosch,Noord-Brabant,073,51.71666700,5.36666700,Adres
5245,Rosmalen,,'s-Hertogenbosch,Noord-Brabant,073,51.71666700,5.36666700,Adres
5246,Rosmalen,,'s-Hertogenbosch,Noord-Brabant,073,51.71666700,5.36666700,Adres
5247,Rosmalen,,'s-Hertogenbosch,Noord-Brabant,073,51.71666700,5.36666700,Adres + Postbus
5248,Rosmalen,,'s-Hertogenbosch,Noord-Brabant,073,51.71666700,5.36666700,Adres
5249,Rosmalen,,'s-Hertogenbosch,Noord-Brabant,073,51.71666700,5.36666700,Adres
5250,Vlijmen,VLYMEN,Heusden,Noord-Brabant,073,51.70000000,5.23333300,Postbus
5251,Vlijmen,VLYMEN,Heusden,Noord-Brabant,073,51.70000000,5.23333300,Adres
5252,Vlijmen,VLYMEN,Heusden,Noord-Brabant,073,51.70000000,5.23333300,Adres
5253,Nieuwkuijk,NIEUWKUYK,Heusden,Noord-Brabant,073,51.70000000,5.20000000,Adres
5254,Haarsteeg,ww,Heusden,Noord-Brabant,073,51.71666700,5.20000000,Adres
5256,Heusden,,Heusden,Noord-Brabant,0416,51.73333300,5.13333300,Adres + Postbus
5258,Berlicum,,Sint-Michielsgestel,Noord-Brabant,073,51.68333300,5.40000000,Adres + Postbus
5260,Vught,,Vught,Noord-Brabant,073,51.65000000,5.30000000,Postbus
5261,Vught,,Vught,Noord-Brabant,073,51.65000000,5.30000000,Adres
5262,Vught,,Vught,Noord-Brabant,073,51.65000000,5.30000000,Adres
5263,Vught,,Vught,Noord-Brabant,073,51.65000000,5.30000000,Adres
5264,Vught,,Vught,Noord-Brabant,073,51.65000000,5.30000000,Adres
5266,Cromvoirt,,Vught,Noord-Brabant,0411,51.66666700,5.23333300,Adres
5268,Helvoirt,,Haaren,Noord-Brabant,0411,51.63333300,5.23333300,Adres + Postbus
5270,Sint-Michielsgestel,ST MICHIELSGESTEL,Sint-Michielsgestel,Noord-Brabant,073,51.63333330,5.35000000,Postbus
5271,Sint-Michielsgestel,ST MICHIELSGESTEL,Sint-Michielsgestel,Noord-Brabant,073,51.63333330,5.35000000,Adres
5272,Sint-Michielsgestel,ST MICHIELSGESTEL,Sint-Michielsgestel,Noord-Brabant,073,51.63333330,5.35000000,Adres
5275,Den Dungen,,Sint-Michielsgestel,Noord-Brabant,073,51.66666700,5.36666700,Adres + Postbus
5280,Boxtel,,Boxtel,Noord-Brabant,0411,51.58333300,5.31666700,Postbus
5281,Boxtel,,Boxtel,Noord-Brabant,0411,51.58333300,5.31666700,Adres
5282,Boxtel,,Boxtel,Noord-Brabant,0411,51.58333300,5.31666700,Adres
5283,Boxtel,,Boxtel,Noord-Brabant,0411,51.58333300,5.31666700,Adres
5291,Gemonde,,Sint-Michielsgestel,Noord-Brabant,073,51.61666700,5.35000000,Adres
5292,Gemonde,,Sint-Michielsgestel,Noord-Brabant,073,51.61666700,5.35000000,Adres
5293,Gemonde,,Sint-Michielsgestel,Noord-Brabant,073,51.61666700,5.35000000,Adres
5294,Gemonde,,Sint-Michielsgestel,Noord-Brabant,073,51.61666700,5.35000000,Adres
5296,Esch,,Haaren,Noord-Brabant,0411,51.61666700,5.30000000,Adres
5298,Liempde,,Boxtel,Noord-Brabant,0411,51.56666700,5.36666700,Adres + Postbus
5300,Zaltbommel,,Zaltbommel,Gelderland,0418,51.80000000,5.25000000,Postbus
5301,Zaltbommel,,Zaltbommel,Gelderland,0418,51.80000000,5.25000000,Adres
5302,Zaltbommel,,Zaltbommel,Gelderland,0418,51.80000000,5.25000000,Adres
5305,Zuilichem,,Zaltbommel,Gelderland,0418,51.81666700,5.13333300,Adres
5306,Brakel,,Zaltbommel,Gelderland,0418,51.81666700,5.10000000,Adres + Postbus
5307,Poederoijen,POEDEROYEN,Zaltbommel,Gelderland,0418,51.78333300,5.08333300,Adres
5308,Aalst,,Zaltbommel,Gelderland,0418,51.78194444,5.12722222,Adres + Postbus
5310,Gameren,,Zaltbommel,Gelderland,0418,51.80000000,5.20000000,Postbus
5311,Gameren,,Zaltbommel,Gelderland,0418,51.80000000,5.20000000,Adres
5313,Nieuwaal,,Zaltbommel,Gelderland,0418,51.80000000,5.18333300,Adres
5314,Bruchem,,Zaltbommel,Gelderland,0418,51.78333300,5.23333300,Adres
5315,Kerkwijk,KERKWYK,Zaltbommel,Gelderland,0418,51.77500000,5.22080000,Adres
5316,Delwijnen,DELWYNEN,Zaltbommel,Gelderland,0418,51.76666700,5.18333300,Adres
5317,Nederhemert,,Zaltbommel,Gelderland,0418,51.76666700,5.16666700,Adres
5318,Bern,,Zaltbommel,Gelderland,0418,51.75000000,5.16666700,Adres
5320,Hedel,,Maasdriel,Gelderland,073,51.75000000,5.26666700,Postbus
5321,Hedel,,Maasdriel,Gelderland,073,51.75000000,5.26666700,Adres
5324,Ammerzoden,,Maasdriel,Gelderland,073,51.75000000,5.21666700,Adres + Postbus
5325,Well,,,Gelderland,073,51.76666700,5.33333300,Adres
5327,Hurwenen,,Maasdriel,Gelderland,0418,51.81666700,5.31666700,Adres
5328,Rossum,,Maasdriel,Gelderland,0418,51.74840000,5.24780000,Adres + Postbus
5330,Kerkdriel,,Maasdriel,Gelderland,0418,51.76666700,5.33333300,Postbus
5331,Kerkdriel,,Maasdriel,Gelderland,0418,51.76666700,5.33333300,Adres
5333,Hoenzadriel,,Maasdriel,Gelderland,0418,51.75000000,5.33333300,Adres
5334,Velddriel,,Maasdriel,Gelderland,0418,51.76666700,5.30000000,Adres
5335,Alem,,Maasdriel,Gelderland,0418,51.78333300,5.35000000,Adres
5340,Oss,,Oss,Noord-Brabant,0412,51.76666700,5.53333300,Postbus
5341,Oss,,Oss,Noord-Brabant,0412,51.76666700,5.53333300,Adres
5342,Oss,,Oss,Noord-Brabant,0412,51.76666700,5.53333300,Adres
5343,Oss,,Oss,Noord-Brabant,0412,51.76666700,5.53333300,Adres
5344,Oss,,Oss,Noord-Brabant,0412,51.76666700,5.53333300,Adres
5345,Oss,,Oss,Noord-Brabant,0412,51.76666700,5.53333300,Adres
5346,Oss,,Oss,Noord-Brabant,0412,51.76666700,5.53333300,Adres
5347,Oss,,Oss,Noord-Brabant,0412,51.76666700,5.53333300,Adres
5348,Oss,,Oss,Noord-Brabant,0412,51.76666700,5.53333300,Adres
5349,Oss,,Oss,Noord-Brabant,0412,51.76666700,5.53333300,Adres
5351,Berghem,,Oss,Noord-Brabant,0412,51.76990000,5.56830000,Adres
5360,Grave,,Grave,Noord-Brabant,0486,51.76666700,5.73333300,Postbus
5361,Grave,,Grave,Noord-Brabant,0486,51.76666700,5.73333300,Adres
5363,Velp,,Grave,Noord-Brabant,0486,52.00000000,6.00000000,Adres
5364,Escharen,,Grave,Noord-Brabant,0486,51.73333300,5.75000000,Adres
5366,Megen,,Oss,Noord-Brabant,0412,51.81666700,5.56666700,Adres
5367,Macharen,,Oss,Noord-Brabant,0412,51.80000000,5.55000000,Adres
5368,Haren,,Oss,Noord-Brabant,0412,51.80000000,5.58333300,Adres
5370,Ravenstein,,Oss,Noord-Brabant,0486,51.80000000,5.65000000,Postbus
5371,Ravenstein,,Oss,Noord-Brabant,0486,51.80000000,5.65000000,Adres
5373,Herpen,,Oss,Noord-Brabant,0486,51.76666700,5.65000000,Adres
5374,Schaijk,SCHAYK,Landerd,Noord-Brabant,0486,51.75000000,5.63333300,Adres + Postbus
5375,Reek,,Landerd,Noord-Brabant,0486,51.75000000,5.68333300,Adres + Postbus
5381,Vinkel,,Maasdonk,Noord-Brabant,073,51.71666700,5.50000000,Adres
5382,Vinkel,,Maasdonk,Noord-Brabant,073,51.71666700,5.50000000,Adres
5383,Vinkel,,Maasdonk,Noord-Brabant,073,51.71666700,5.50000000,Adres
5384,Heesch,,Bernheze,Noord-Brabant,0412,51.73333300,5.53333300,Adres + Postbus
5386,Geffen,,Maasdonk,Noord-Brabant,073,51.73333300,5.46666700,Adres + Postbus
5388,Nistelrode,,Bernheze,Noord-Brabant,0412,51.70000000,5.56666700,Adres + Postbus
5390,Nuland,,Maasdonk,Noord-Brabant,073,51.73333300,5.43333300,Postbus
5391,Nuland,,Maasdonk,Noord-Brabant,073,51.73333300,5.43333300,Adres
5392,Nuland,,Maasdonk,Noord-Brabant,073,51.73333300,5.43333300,Adres
5394,Oijen,,Lith,Noord-Brabant,0412,51.83333300,5.50000000,Adres
5395,Teeffelen,,Lith,Noord-Brabant,0412,51.80000000,5.50000000,Adres
5396,Lithoijen,LITHOYEN,Lith,Noord-Brabant,0412,51.80000000,5.46666700,Adres
5397,Lith,,Lith,Noord-Brabant,0412,51.80000000,5.43333300,Adres + Postbus
5398,Maren-Kessel,MAREN KESSEL,Lith,Noord-Brabant,0412,51.80000000,5.40000000,Adres
5400,Uden,,Uden,Noord-Brabant,0413,51.66666700,5.61666700,Postbus
5401,Uden,,Uden,Noord-Brabant,0413,51.66666700,5.61666700,Adres
5402,Uden,,Uden,Noord-Brabant,0413,51.66666700,5.61666700,Adres
5403,Uden,,Uden,Noord-Brabant,0413,51.66666700,5.61666700,Adres
5404,Uden,,Uden,Noord-Brabant,0413,51.66666700,5.61666700,Adres
5405,Uden,,Uden,Noord-Brabant,0413,51.66666700,5.61666700,Adres
5406,Uden,,Uden,Noord-Brabant,0413,51.66666700,5.61666700,Adres
5408,Volkel,,Uden,Noord-Brabant,0413,51.65000000,5.65000000,Adres
5409,Odiliapeel,,Uden,Noord-Brabant,0413,51.65000000,5.70000000,Adres
5410,Zeeland,,Landerd,Noord-Brabant,0486,51.70000000,5.68333300,Postbus
5411,Zeeland,,Landerd,Noord-Brabant,0486,51.70000000,5.68333300,Adres
5420,Gemert,,Gemert-Bakel,Noord-Brabant,0492,51.55000000,5.70000000,Postbus
5421,Gemert,,Gemert-Bakel,Noord-Brabant,0492,51.55000000,5.70000000,Adres
5422,Gemert,,Gemert-Bakel,Noord-Brabant,0492,51.55000000,5.70000000,Adres
5423,Handel,,Gemert-Bakel,Noord-Brabant,0492,51.58333300,5.71666700,Adres
5424,Elsendorp,,Gemert-Bakel,Noord-Brabant,0492,51.58333300,5.76666700,Adres
5425,Mortel,,Gemert-Bakel,Noord-Brabant,0492,51.53972222,5.70833333,Adres
5427,Boekel,,Boekel,Noord-Brabant,0492,51.60000000,5.68333300,Adres + Postbus
5428,Venhorst,,Boekel,Noord-Brabant,0492,51.60000000,5.73333300,Adres
5430,Cuijk,,Cuijk,Noord-Brabant,0485,51.73333300,5.91666700,Postbus
5431,Cuijk,,Cuijk,Noord-Brabant,0485,51.73333300,5.91666700,Adres
5432,Cuijk,,Cuijk,Noord-Brabant,0485,51.73333300,5.91666700,Adres
5433,Katwijk,,Cuijk,Noord-Brabant,0485,51.75000000,5.86972222,Adres
5434,Vianen,,Cuijk,Noord-Brabant,0485,52.00000000,5.10000000,Adres
5435,Sint Agatha,ST AGATHA,Cuijk,Noord-Brabant,0485,51.71305556,5.91166667,Adres
5437,Beers,,Cuijk,Noord-Brabant,0485,51.72444444,5.83027778,Adres
5438,Gassel,,Grave,Noord-Brabant,0486,51.73333300,5.78333300,Adres
5439,Linden,,Cuijk,Noord-Brabant,0485,51.75000000,5.83333300,Adres
5441,Oeffelt,,Boxmeer,Noord-Brabant,0485,51.70000000,5.95000000,Adres
5443,Haps,,Cuijk,Noord-Brabant,0485,51.68333300,5.86666700,Adres + Postbus
5445,Landhorst,,Sint Anthonis,Noord-Brabant,0485,51.61666700,5.78333300,Adres
5446,Wanroij,WANROY,Sint Anthonis,Noord-Brabant,0485,51.65000000,5.81666700,Adres + Postbus
5447,Rijkevoort,RYKEVOORT,Boxmeer,Noord-Brabant,0485,51.65000000,5.88333300,Adres
5449,Rijkevoort-De Walsert,,Sint Anthonis,Noord-Brabant,0485,51.65000000,5.88333330,Adres
5450,Mill,,Mill en Sint Hubert,Noord-Brabant,0485,51.68333300,5.78333300,Postbus
5451,Mill,,Mill en Sint Hubert,Noord-Brabant,0485,51.68333300,5.78333300,Adres
5453,Langenboom,,Mill en Sint Hubert,Noord-Brabant,0486,51.70000000,5.73333300,Adres + Postbus
5454,Sint Hubert,ST HUBERT,Mill en Sint Hubert,Noord-Brabant,0485,51.68333300,5.81666700,Adres
5455,Wilbertoord,,Mill en Sint Hubert,Noord-Brabant,0485,51.65000000,5.76666700,Adres
5460,Veghel,,Veghel,Noord-Brabant,0413,51.61666700,5.55000000,Postbus
5461,Veghel,,Veghel,Noord-Brabant,0413,51.61666700,5.55000000,Adres
5462,Veghel,,Veghel,Noord-Brabant,0413,51.61666700,5.55000000,Adres
5463,Veghel,,Veghel,Noord-Brabant,0413,51.61666700,5.55000000,Adres
5464,Veghel,,Veghel,Noord-Brabant,0413,51.61666700,5.55000000,Adres
5465,Veghel,,Veghel,Noord-Brabant,0413,51.61666700,5.55000000,Adres
5466,Veghel,,Veghel,Noord-Brabant,0413,51.61666700,5.55000000,Adres
5467,Veghel,,Veghel,Noord-Brabant,0413,51.61666700,5.55000000,Adres
5469,Erp,,Veghel,Noord-Brabant,0413,51.60000000,5.61666700,Adres + Postbus
5471,Loosbroek,,Bernheze,Noord-Brabant,0413,51.68333300,5.51666700,Adres
5472,Loosbroek,,Bernheze,Noord-Brabant,0413,51.68333300,5.51666700,Adres
5473,Heeswijk-Dinther,HEESWYK DINTHER,Bernheze,Noord-Brabant,0413,51.65000000,5.46666670,Adres + Postbus
5476,Vorstenbosch,,Bernheze,Noord-Brabant,0413,51.65000000,5.55000000,Adres
5480,Schijndel,SCHYNDEL,Schijndel,Noord-Brabant,073,51.61666700,5.45000000,Postbus
5481,Schijndel,SCHYNDEL,Schijndel,Noord-Brabant,073,51.61666700,5.45000000,Adres
5482,Schijndel,SCHYNDEL,Schijndel,Noord-Brabant,073,51.61666700,5.45000000,Adres
5490,Sint-Oedenrode,ST OEDENRODE,Sint-Oedenrode,Noord-Brabant,0413,51.56666700,5.46666700,Postbus
5491,Sint-Oedenrode,ST OEDENRODE,Sint-Oedenrode,Noord-Brabant,0413,51.56666700,5.46666700,Adres
5492,Sint-Oedenrode,ST OEDENRODE,Sint-Oedenrode,Noord-Brabant,0413,51.56666700,5.46666700,Adres
5500,Veldhoven,Zeelst;Oerle;Meerveldhoven,Veldhoven,Noord-Brabant,040,51.41666700,5.41666700,Postbus
5501,Veldhoven,Zeelst;Oerle;Meerveldhoven,Veldhoven,Noord-Brabant,040,51.41666700,5.41666700,Adres
5502,Veldhoven,Zeelst;Oerle;Meerveldhoven,Veldhoven,Noord-Brabant,040,51.41666700,5.41666700,Adres
5503,Veldhoven,Zeelst;Oerle;Meerveldhoven,Veldhoven,Noord-Brabant,040,51.41666700,5.41666700,Adres
5504,Veldhoven,Zeelst;Oerle;Meerveldhoven,Veldhoven,Noord-Brabant,040,51.41666700,5.41666700,Adres
5505,Veldhoven,Zeelst;Oerle;Meerveldhoven,Veldhoven,Noord-Brabant,040,51.41666700,5.41666700,Adres
5506,Veldhoven,Zeelst;Oerle;Meerveldhoven,Veldhoven,Noord-Brabant,040,51.41666700,5.41666700,Adres
5507,Veldhoven,Zeelst;Oerle;Meerveldhoven,Veldhoven,Noord-Brabant,040,51.41666700,5.41666700,Adres
5508,Veldhoven,Zeelst;Oerle;Meerveldhoven,Veldhoven,Noord-Brabant,040,51.41666700,5.41666700,Adres
5509,Veldhoven,Zeelst;Oerle;Meerveldhoven,Veldhoven,Noord-Brabant,040,51.41666700,5.41666700,Adres
5511,Knegsel,,Eersel,Noord-Brabant,040,51.40000000,5.35000000,Adres
5512,Vessem,,Eersel,Noord-Brabant,0497,51.41666700,5.28333300,Adres + Postbus
5513,Wintelre,,Eersel,Noord-Brabant,040,51.45000000,5.33333300,Adres
5520,Eersel,,Eersel,Noord-Brabant,0497,51.36666700,5.31666700,Postbus
5521,Eersel,,Eersel,Noord-Brabant,0497,51.36666700,5.31666700,Adres
5524,Steensel,,Eersel,Noord-Brabant,0497,51.38333300,5.35000000,Adres
5525,Duizel,,Eersel,Noord-Brabant,0497,51.36666700,5.30000000,Adres
5527,Hapert,,Bladel,Noord-Brabant,0497,51.36666700,5.25000000,Adres + Postbus
5528,Hoogeloon,,Bladel,Noord-Brabant,0497,51.40000000,5.26666700,Adres
5529,Casteren,,Bladel,Noord-Brabant,0497,51.40000000,5.23333300,Adres
5530,Bladel,,Bladel,Noord-Brabant,0497,51.36666700,5.21666700,Postbus
5531,Bladel,,Bladel,Noord-Brabant,0497,51.36666700,5.21666700,Adres
5534,Netersel,,Bladel,Noord-Brabant,0497,51.40000000,5.20000000,Adres
5540,Reusel,,Reusel-De Mierden,Noord-Brabant,0497,51.36666700,5.16666700,Postbus
5541,Reusel,,Reusel-De Mierden,Noord-Brabant,0497,51.36666700,5.16666700,Adres
5550,Valkenswaard,,Valkenswaard,Noord-Brabant,040,51.35000000,5.46666700,Postbus
5551,Valkenswaard,,Valkenswaard,Noord-Brabant,040,51.35000000,5.46666700,Adres
5552,Valkenswaard,,Valkenswaard,Noord-Brabant,040,51.35000000,5.46666700,Adres
5553,Valkenswaard,,Valkenswaard,Noord-Brabant,040,51.35000000,5.46666700,Adres
5554,Valkenswaard,,Valkenswaard,Noord-Brabant,040,51.35000000,5.46666700,Adres
5555,Valkenswaard,,Valkenswaard,Noord-Brabant,040,51.35000000,5.46666700,Adres
5556,Valkenswaard,,Valkenswaard,Noord-Brabant,040,51.35000000,5.46666700,Adres
5561,Riethoven,,Bergeijk,Noord-Brabant,040,51.35000000,5.38333300,Adres
5563,Westerhoven,,Bergeijk,Noord-Brabant,040,51.33333300,5.40000000,Adres
5570,Bergeijk,BERGEYK,Bergeijk,Noord-Brabant,0497,51.31666700,5.36666700,Postbus
5571,Bergeijk,BERGEYK,Bergeijk,Noord-Brabant,0497,51.31666700,5.36666700,Adres
5575,Luyksgestel,,Bergeijk,Noord-Brabant,0497,51.28333300,5.31666700,Adres + Postbus
5580,Waalre,,Waalre,Noord-Brabant,040,51.38710700,5.44760000,Postbus
5581,Waalre,,Waalre,Noord-Brabant,040,51.38710700,5.44760000,Adres
5582,Waalre,,Waalre,Noord-Brabant,040,51.38710700,5.44760000,Adres
5583,Waalre,,Waalre,Noord-Brabant,040,51.38710700,5.44760000,Adres
5590,Heeze,,Heeze-Leende,Noord-Brabant,040,51.38333300,5.56666700,Postbus
5591,Heeze,,Heeze-Leende,Noord-Brabant,040,51.38333300,5.56666700,Adres
5595,Leende,,Heeze-Leende,Noord-Brabant,040,51.35000000,5.55000000,Adres + Postbus
5600,Eindhoven,,Eindhoven,Noord-Brabant,040,51.45000000,5.46666700,Postbus
5601,Eindhoven,,Eindhoven,Noord-Brabant,040,51.45000000,5.46666700,Postbus
5602,Eindhoven,,Eindhoven,Noord-Brabant,040,51.45000000,5.46666700,Postbus
5604,Eindhoven,,Eindhoven,Noord-Brabant,040,51.45000000,5.46666700,Postbus
5605,Eindhoven,,Eindhoven,Noord-Brabant,040,51.45000000,5.46666700,Postbus
5611,Eindhoven,,Eindhoven,Noord-Brabant,040,51.45000000,5.46666700,Adres
5612,Eindhoven,,Eindhoven,Noord-Brabant,040,51.45000000,5.46666700,Adres
5613,Eindhoven,,Eindhoven,Noord-Brabant,040,51.45000000,5.46666700,Adres
5614,Eindhoven,,Eindhoven,Noord-Brabant,040,51.45000000,5.46666700,Adres
5615,Eindhoven,,Eindhoven,Noord-Brabant,040,51.45000000,5.46666700,Adres
5616,Eindhoven,,Eindhoven,Noord-Brabant,040,51.45000000,5.46666700,Adres
5617,Eindhoven,,Eindhoven,Noord-Brabant,040,51.45000000,5.46666700,Adres
5621,Eindhoven,,Eindhoven,Noord-Brabant,040,51.45000000,5.46666700,Adres
5622,Eindhoven,,Eindhoven,Noord-Brabant,040,51.45000000,5.46666700,Adres
5623,Eindhoven,,Eindhoven,Noord-Brabant,040,51.45000000,5.46666700,Adres
5624,Eindhoven,,Eindhoven,Noord-Brabant,040,51.45000000,5.46666700,Adres
5625,Eindhoven,,Eindhoven,Noord-Brabant,040,51.45000000,5.46666700,Adres
5626,Eindhoven,,Eindhoven,Noord-Brabant,040,51.45000000,5.46666700,Adres
5627,Eindhoven,,Eindhoven,Noord-Brabant,040,51.45000000,5.46666700,Adres
5628,Eindhoven,,Eindhoven,Noord-Brabant,040,51.45000000,5.46666700,Adres
5629,Eindhoven,,Eindhoven,Noord-Brabant,040,51.45000000,5.46666700,Adres
5631,Eindhoven,,Eindhoven,Noord-Brabant,040,51.45000000,5.46666700,Adres
5632,Eindhoven,,Eindhoven,Noord-Brabant,040,51.45000000,5.46666700,Adres
5633,Eindhoven,,Eindhoven,Noord-Brabant,040,51.45000000,5.46666700,Adres
5641,Eindhoven,,Eindhoven,Noord-Brabant,040,51.45000000,5.46666700,Adres
5642,Eindhoven,,Eindhoven,Noord-Brabant,040,51.45000000,5.46666700,Adres
5643,Eindhoven,,Eindhoven,Noord-Brabant,040,51.45000000,5.46666700,Adres
5644,Eindhoven,,Eindhoven,Noord-Brabant,040,51.45000000,5.46666700,Adres
5645,Eindhoven,,Eindhoven,Noord-Brabant,040,51.45000000,5.46666700,Adres
5646,Eindhoven,,Eindhoven,Noord-Brabant,040,51.45000000,5.46666700,Adres
5647,Eindhoven,,Eindhoven,Noord-Brabant,040,51.45000000,5.46666700,Adres
5651,Eindhoven,,Eindhoven,Noord-Brabant,040,51.45000000,5.46666700,Adres
5652,Eindhoven,,Eindhoven,Noord-Brabant,040,51.45000000,5.46666700,Adres
5653,Eindhoven,,Eindhoven,Noord-Brabant,040,51.45000000,5.46666700,Adres
5654,Eindhoven,,Eindhoven,Noord-Brabant,040,51.45000000,5.46666700,Adres
5655,Eindhoven,,Eindhoven,Noord-Brabant,040,51.45000000,5.46666700,Adres
5656,Eindhoven,,Eindhoven,Noord-Brabant,040,51.45000000,5.46666700,Adres
5657,Eindhoven,,Eindhoven,Noord-Brabant,040,51.45000000,5.46666700,Adres
5658,Eindhoven,,Eindhoven,Noord-Brabant,040,51.45000000,5.46666700,Adres
5660,Geldrop,,Geldrop-Mierlo,Noord-Brabant,040,51.43333300,5.56666700,Postbus
5661,Geldrop,,Geldrop-Mierlo,Noord-Brabant,040,51.43333300,5.56666700,Adres
5662,Geldrop,,Geldrop-Mierlo,Noord-Brabant,040,51.43333300,5.56666700,Adres
5663,Geldrop,,Geldrop-Mierlo,Noord-Brabant,040,51.43333300,5.56666700,Adres
5664,Geldrop,,Geldrop-Mierlo,Noord-Brabant,040,51.43333300,5.56666700,Adres
5665,Geldrop,,Geldrop-Mierlo,Noord-Brabant,040,51.43333300,5.56666700,Adres
5666,Geldrop,,Geldrop-Mierlo,Noord-Brabant,040,51.43333300,5.56666700,Adres
5667,Geldrop,,Geldrop-Mierlo,Noord-Brabant,040,51.43333300,5.56666700,Adres
5670,Nuenen,,"Nuenen, Gerwen en Nederwetten",Noord-Brabant,040,51.46666700,5.55000000,Postbus
5671,Nuenen,,"Nuenen, Gerwen en Nederwetten",Noord-Brabant,040,51.46666700,5.55000000,Adres
5672,Nuenen,,"Nuenen, Gerwen en Nederwetten",Noord-Brabant,040,51.46666700,5.55000000,Adres
5673,Nuenen,,"Nuenen, Gerwen en Nederwetten",Noord-Brabant,040,51.46666700,5.55000000,Adres
5674,Nuenen,,"Nuenen, Gerwen en Nederwetten",Noord-Brabant,040,51.46666700,5.55000000,Adres
5680,Best,,Best,Noord-Brabant,0499,51.50000000,5.40000000,Postbus
5681,Best,,Best,Noord-Brabant,0499,51.50000000,5.40000000,Adres
5682,Best,,Best,Noord-Brabant,0499,51.50000000,5.40000000,Adres
5683,Best,,Best,Noord-Brabant,0499,51.50000000,5.40000000,Adres
5684,Best,,Best,Noord-Brabant,0499,51.50000000,5.40000000,Adres
5685,Best,,Best,Noord-Brabant,0499,51.50000000,5.40000000,Adres
5688,Oirschot,,Oirschot,Noord-Brabant,0499,51.51666700,5.31666700,Adres + Postbus
5689,Oirschot,,Oirschot,Noord-Brabant,0499,51.51666700,5.31666700,Adres
5690,Son,,Son en Breugel,Noord-Brabant,0499,51.51666700,5.50000000,Postbus
5691,Son,,Son en Breugel,Noord-Brabant,0499,51.51666700,5.50000000,Adres
5692,Son,,Son en Breugel,Noord-Brabant,0499,51.51666700,5.50000000,Adres
5694,Breugel,,Son en Breugel,Noord-Brabant,0499,51.51666700,5.51666700,Adres
5700,Helmond,,Helmond,Noord-Brabant,0492,51.48333300,5.66666700,Postbus
5701,Helmond,,Helmond,Noord-Brabant,0492,51.48333300,5.66666700,Adres
5702,Helmond,,Helmond,Noord-Brabant,0492,51.48333300,5.66666700,Adres
5703,Helmond,,Helmond,Noord-Brabant,0492,51.48333300,5.66666700,Adres
5704,Helmond,,Helmond,Noord-Brabant,0492,51.48333300,5.66666700,Adres
5705,Helmond,,Helmond,Noord-Brabant,0492,51.48333300,5.66666700,Adres
5706,Helmond,,Helmond,Noord-Brabant,0492,51.48333300,5.66666700,Adres
5707,Helmond,,Helmond,Noord-Brabant,0492,51.48333300,5.66666700,Adres
5708,Helmond,,Helmond,Noord-Brabant,0492,51.48333300,5.66666700,Adres
5709,Helmond,,Helmond,Noord-Brabant,0492,51.48333300,5.66666700,Adres
5710,Someren,,Someren,Noord-Brabant,0493,51.38333300,5.71666700,Postbus
5711,Someren,,Someren,Noord-Brabant,0493,51.38333300,5.71666700,Adres
5712,Someren,,Someren,Noord-Brabant,0493,51.38333300,5.71666700,Adres
5715,Lierop,,Someren,Noord-Brabant,0492,51.41666700,5.68333300,Adres + Postbus
5720,Asten,,Asten,Noord-Brabant,0493,51.40000000,5.75000000,Postbus
5721,Asten,,Asten,Noord-Brabant,0493,51.40000000,5.75000000,Adres
5724,Ommel,,Asten,Noord-Brabant,0493,51.41666700,5.75000000,Adres
5725,Heusden,Heusden gem Asten,Asten,Noord-Brabant,0493,51.38333333,5.75000000,Adres
5730,Mierlo,,Geldrop-Mierlo,Noord-Brabant,0492,51.45000000,5.61666700,Postbus
5731,Mierlo,,Geldrop-Mierlo,Noord-Brabant,0492,51.45000000,5.61666700,Adres
5735,Aarle-Rixtel,AARLE RIXTEL,Laarbeek,Noord-Brabant,0492,51.51666670,5.63333330,Adres + Postbus
5737,Lieshout,,Laarbeek,Noord-Brabant,0499,51.51666700,5.60000000,Adres + Postbus
5738,Mariahout,,Laarbeek,Noord-Brabant,0499,51.53333300,5.56666700,Adres
5740,Beek en Donk,,Laarbeek,Noord-Brabant,0492,51.52889000,5.63390000,Postbus
5741,Beek en Donk,,Laarbeek,Noord-Brabant,0492,51.52889000,5.63390000,Adres
5750,Deurne,,Deurne,Noord-Brabant,0493,51.46666700,5.80000000,Postbus
5751,Deurne,,Deurne,Noord-Brabant,0493,51.46666700,5.80000000,Adres
5752,Deurne,,Deurne,Noord-Brabant,0493,51.46666700,5.80000000,Adres
5753,Deurne,,Deurne,Noord-Brabant,0493,51.46666700,5.80000000,Adres
5754,Deurne,,Deurne,Noord-Brabant,0493,51.46666700,5.80000000,Adres
5756,Vlierden,,Deurne,Noord-Brabant,0493,51.45000000,5.76666700,Adres
5757,Liessel,,Deurne,Noord-Brabant,0493,51.41666700,5.81666700,Adres + Postbus
5758,Neerkant,,Deurne,Noord-Brabant,077,51.36666700,5.86666700,Adres
5759,Helenaveen,,Deurne,Noord-Brabant,0493,51.40000000,5.91666700,Adres
5760,Bakel,,Gemert-Bakel,Noord-Brabant,0492,51.50000000,5.75000000,Postbus
5761,Bakel,,Gemert-Bakel,Noord-Brabant,0492,51.50000000,5.75000000,Adres
5763,Milheeze,,Gemert-Bakel,Noord-Brabant,0492,51.50000000,5.78333300,Adres
5764,Rips,,Gemert-Bakel,Noord-Brabant,0493,51.55000000,5.81666700,Adres
5766,Griendtsveen,,Horst aan de Maas,Limburg,0493,51.43333300,5.90000000,Adres
5768,Meijel,MEYEL,Peel en Maas,Limburg,077,51.35000000,5.88333300,Adres + Postbus
5800,Venray,,Venray,Limburg,0478,51.53333300,5.98333300,Postbus
5801,Venray,,Venray,Limburg,0478,51.53333300,5.98333300,Adres
5802,Venray,,Venray,Limburg,0478,51.53333300,5.98333300,Adres
5803,Venray,,Venray,Limburg,0478,51.53333300,5.98333300,Adres
5804,Venray,,Venray,Limburg,0478,51.53333300,5.98333300,Adres
5807,Oostrum,,Venray,Limburg,0478,51.52100000,5.98450000,Adres
5808,Oirlo,,Venray,Limburg,0478,51.51666700,6.03333300,Adres
5809,Leunen,,Venray,Limburg,0478,51.51666700,5.98333300,Adres
5811,Castenray,,Venray,Limburg,0478,51.48333300,6.03333300,Adres
5812,Heide,,Venray,Limburg,0478,51.35000000,5.96666700,Adres
5813,Ysselsteyn,,Venray,Limburg,0478,51.48333300,5.90000000,Adres
5814,Veulen,,Venray,Limburg,0478,51.48333300,5.95000000,Adres
5815,Merselo,,Venray,Limburg,0478,51.53333300,5.93333300,Adres
5816,Vredepeel,,Venray,Limburg,0478,51.55000000,5.88333300,Adres
5817,Smakt,,Venray,Limburg,0478,51.56666700,6.00000000,Adres
5821,Vierlingsbeek,,Boxmeer,Noord-Brabant,0478,51.60000000,6.01666700,Adres
5823,Maashees,,Boxmeer,Noord-Brabant,0478,51.56666700,6.03333300,Adres
5824,Holthees,,Boxmeer,Noord-Brabant,0478,51.56666700,6.00000000,Adres
5825,Overloon,,Boxmeer,Noord-Brabant,0478,51.56666700,5.95000000,Adres
5826,Groeningen,,Boxmeer,Noord-Brabant,0478,51.60000000,6.00000000,Adres
5827,Vortum-Mullem,VORTUM MULLEM,Boxmeer,Noord-Brabant,0485,51.61666700,5.96666700,Adres
5830,Boxmeer,,Boxmeer,Noord-Brabant,0485,51.65000000,5.95000000,Postbus
5831,Boxmeer,,Boxmeer,Noord-Brabant,0485,51.65000000,5.95000000,Adres
5835,Beugen,,Boxmeer,Noord-Brabant,0485,51.66666700,5.93333300,Adres
5836,Sambeek,,Boxmeer,Noord-Brabant,0485,51.63333300,5.96666700,Adres
5840,Oploo,,Sint Anthonis,Noord-Brabant,0485,51.60000000,5.88333300,Postbus
5841,Oploo,,Sint Anthonis,Noord-Brabant,0485,51.60000000,5.88333300,Adres
5843,Westerbeek,,Sint Anthonis,Noord-Brabant,0485,51.58333300,5.86666700,Adres
5844,Stevensbeek,,Sint Anthonis,Noord-Brabant,0485,51.60000000,5.91666700,Adres
5845,Sint Anthonis,ST ANTHONIS,Sint Anthonis,Noord-Brabant,0485,51.63333300,5.88333300,Adres + Postbus
5846,Ledeacker,,Sint Anthonis,Noord-Brabant,0485,51.63333300,5.88333300,Adres
5851,Afferden,,Bergen,Flevoland,0485,51.88333300,5.63333300,Adres
5853,Siebengewald,,Bergen,Limburg,0485,51.65000000,6.10000000,Adres
5854,Bergen,Bergen (L.),Bergen,Limburg,0485,51.60000000,6.03333300,Adres + Postbus
5855,Well,,Bergen,Limburg,0478,51.55000000,6.10000000,Adres
5856,Wellerlooi,,Bergen,Limburg,0478,51.53333300,6.13333300,Adres
5861,Wanssum,,Venray,Limburg,0478,51.53333300,6.08333300,Adres
5862,Geysteren,,Horst aan de Maas,Limburg,0478,51.55000000,6.05000000,Adres
5863,Blitterswijck,BLITTERSWYCK,Venray,Limburg,0478,51.53333300,6.11666700,Adres
5864,Meerlo,,Horst aan de Maas,Limburg,0478,51.51666700,6.08333300,Adres
5865,Tienray,,Horst aan de Maas,Limburg,0478,51.50000000,6.10000000,Adres
5866,Swolgen,,Horst aan de Maas,Limburg,0478,51.50000000,6.11666700,Adres
5871,Broekhuizenvorst,,Horst aan de Maas,Limburg,077,51.50000000,6.16666700,Adres
5872,Broekhuizen,,Horst aan de Maas,Limburg,077,51.49500000,6.15690000,Adres
5900,Venlo,,Venlo,Limburg,077,51.36666700,6.16666700,Postbus
5902,Venlo,,Venlo,Limburg,077,51.36666700,6.16666700,Postbus
5911,Venlo,,Venlo,Limburg,077,51.36666700,6.16666700,Adres
5912,Venlo,,Venlo,Limburg,077,51.36666700,6.16666700,Adres
5913,Venlo,,Venlo,Limburg,077,51.36666700,6.16666700,Adres
5914,Venlo,,Venlo,Limburg,077,51.36666700,6.16666700,Adres
5915,Venlo,,Venlo,Limburg,077,51.36666700,6.16666700,Adres
5916,Venlo,,Venlo,Limburg,077,51.36666700,6.16666700,Adres
5921,Venlo,,Venlo,Limburg,077,51.36666700,6.16666700,Adres
5922,Venlo,,Venlo,Limburg,077,51.36666700,6.16666700,Adres
5923,Venlo,,Venlo,Limburg,077,51.36666700,6.16666700,Adres
5924,Venlo,,Venlo,Limburg,077,51.36666700,6.16666700,Adres
5925,Venlo,,Venlo,Limburg,077,51.36666700,6.16666700,Adres
5926,Venlo,,Venlo,Limburg,077,51.36666700,6.16666700,Adres
5927,Venlo,,Venlo,Limburg,077,51.36666700,6.16666700,Adres
5928,Venlo,,Venlo,Limburg,077,51.36666700,6.16666700,Adres
5930,Tegelen,,Venlo,Limburg,077,51.33333300,6.13333300,Postbus
5931,Tegelen,,Venlo,Limburg,077,51.33333300,6.13333300,Adres
5932,Tegelen,,Venlo,Limburg,077,51.33333300,6.13333300,Adres
5935,Steijl,STEYL,Venlo,Limburg,077,51.33333300,6.13333300,Adres
5940,Velden,,Venlo,Limburg,077,51.41666700,6.16666700,Postbus
5941,Velden,,Venlo,Limburg,077,51.41666700,6.16666700,Adres
5943,Lomm,,Venlo,Limburg,077,51.45000000,6.16666700,Adres
5944,Arcen,,Venlo,Limburg,077,51.48333300,6.18333300,Adres + Postbus
5950,Belfeld,,Venlo,Limburg,077,51.31666700,6.11666700,Postbus
5951,Belfeld,,Venlo,Limburg,077,51.31666700,6.11666700,Adres
5953,Reuver,,Beesel,Limburg,077,51.28333300,6.08333300,Adres + Postbus
5954,Beesel,,Beesel,Limburg,077,51.26666700,6.03333300,Adres
5960,Horst,,Horst aan de Maas,Limburg,077,51.44810000,6.03230000,Postbus
5961,Horst,,Horst aan de Maas,Limburg,077,51.44810000,6.03230000,Adres
5962,Melderslo,,Horst aan de Maas,Limburg,077,51.46666700,6.08333300,Adres
5963,Hegelsom,,Horst aan de Maas,Limburg,077,51.43333300,6.03333300,Adres
5964,Meterik,,Horst aan de Maas,Limburg,077,51.45000000,6.03333300,Adres
5966,America,,Horst aan de Maas,Limburg,077,51.43333300,5.98333300,Adres
5970,Grubbenvorst,,Horst aan de Maas,Limburg,077,51.41666700,6.15000000,Postbus
5971,Grubbenvorst,,Horst aan de Maas,Limburg,077,51.41666700,6.15000000,Adres
5973,Lottum,,Horst aan de Maas,Limburg,077,51.46666700,6.16666700,Adres
5975,Sevenum,,Horst aan de Maas,Limburg,077,51.41666700,6.03333300,Adres + Postbus
5976,Kronenberg,,Horst aan de Maas,Limburg,077,51.41666700,6.00000000,Adres
5977,Evertsoord,,Horst aan de Maas,Limburg,077,51.40000000,5.95000000,Adres
5980,Panningen,,Peel en Maas,Limburg,077,51.33333300,5.98333300,Postbus
5981,Panningen,,Peel en Maas,Limburg,077,51.33333300,5.98333300,Adres
5984,Koningslust,,Peel en Maas,Limburg,077,51.35000000,6.00000000,Adres
5985,Grashoek,,Helden,Limburg,077,51.36666700,5.95000000,Adres
5986,Beringe,,Peel en Maas,Limburg,077,51.33333300,5.95000000,Adres
5987,Egchel,,Peel en Maas,Limburg,077,51.31666700,5.96666700,Adres
5988,Helden,,Peel en Maas,Limburg,077,51.31666700,6.00000000,Adres
5990,Baarlo,,Peel en Maas,Limburg,077,51.33333300,6.10000000,Postbus
5991,Baarlo,,Peel en Maas,Limburg,077,51.33333300,6.10000000,Adres
5993,Maasbree,,Peel en Maas,Limburg,077,51.35000000,6.05000000,Adres + Postbus
5995,Kessel,,Peel en Maas,Limburg,077,51.30000000,6.05000000,Adres + Postbus
6000,Weert,,Weert,Limburg,0495,51.25111110,5.70888888,Postbus
6001,Weert,,Weert,Limburg,0495,51.25111110,5.70888888,Adres
6002,Weert,,Weert,Limburg,0495,51.25111110,5.70888888,Adres
6003,Weert,,Weert,Limburg,0495,51.25111110,5.70888888,Adres
6004,Weert,,Weert,Limburg,0495,51.25111110,5.70888888,Adres
6005,Weert,,Weert,Limburg,0495,51.25111110,5.70888888,Adres
6006,Weert,,Weert,Limburg,0495,51.25111110,5.70888888,Adres
6011,Ell,,Leudal,Limburg,0495,51.21666700,5.80000000,Adres
6012,Haler,,Leudal,Limburg,0495,51.18333300,5.78333300,Adres
6013,Hunsel,,Leudal,Limburg,0475,51.18333300,5.81666700,Adres
6014,Ittervoort,,Leudal,Limburg,0475,51.16666700,5.81666700,Adres + Postbus
6015,Neeritter,,Leudal,Limburg,0475,51.16666700,5.80000000,Adres
6017,Thorn,,Maasgouw,Limburg,0475,51.16666700,5.83333300,Adres + Postbus
6019,Wessem,,Maasgouw,Limburg,0475,51.16666700,5.88333300,Adres + Postbus
6020,Budel,,Cranendonck,Noord-Brabant,0495,51.26666700,5.58333300,Postbus
6021,Budel,,Cranendonck,Noord-Brabant,0495,51.26666700,5.58333300,Adres
6023,Budel-Schoot,Schoot,Cranendonck,Noord-Brabant,0495,51.24750000,5.56530000,Adres
6024,Budel-Dorplein,DORPLEIN,Cranendonck,Noord-Brabant,0495,51.23333300,5.60000000,Adres
6026,Maarheeze,,Cranendonck,Noord-Brabant,0495,51.31666700,5.60000000,Adres + Postbus
6027,Soerendonk,,Cranendonck,Noord-Brabant,0495,51.30000000,5.58333300,Adres
6028,Gastel,,Cranendonck,Noord-Brabant,0495,51.28333300,5.55000000,Adres
6029,Sterksel,,Heeze-Leende,Noord-Brabant,040,51.35000000,5.61666700,Adres
6030,Nederweert,,Nederweert,Limburg,0495,51.28333300,5.75000000,Postbus
6031,Nederweert,,Nederweert,Limburg,0495,51.28333300,5.75000000,Adres
6034,Nederweert-Eind,Nederweert Eind;Eind,Nederweert,Limburg,0495,51.28333300,5.78333300,Adres
6035,Ospel,,Nederweert,Limburg,0495,51.30000000,5.80000000,Adres + Postbus
6037,Kelpen-Oler,Kelpen;Oler,Leudal,Limburg,0495,51.21666700,5.83333300,Adres
6039,Stramproy,,Weert,Limburg,0495,51.20000000,5.71666700,Adres + Postbus
6040,Roermond,,Roermond,Limburg,0475,51.20000000,6.00000000,Postbus
6041,Roermond,,Roermond,Limburg,0475,51.20000000,6.00000000,Adres
6042,Roermond,,Roermond,Limburg,0475,51.20000000,6.00000000,Adres
6043,Roermond,,Roermond,Limburg,0475,51.20000000,6.00000000,Adres
6044,Roermond,,Roermond,Limburg,0475,51.20000000,6.00000000,Adres
6045,Roermond,,Roermond,Limburg,0475,51.20000000,6.00000000,Adres
6049,Herten,,Roermond,Limburg,0475,51.18333300,5.96666700,Adres + Postbus
6050,Maasbracht,,Maasgouw,Limburg,0475,51.15000000,5.88333300,Postbus
6051,Maasbracht,,Maasgouw,Limburg,0475,51.15000000,5.88333300,Adres
6060,Posterholt,,Roerdalen,Limburg,0475,51.13333300,6.03333300,Postbus
6061,Posterholt,,Roerdalen,Limburg,0475,51.13333300,6.03333300,Adres
6063,Vlodrop,,Roerdalen,Limburg,0475,51.13333300,6.08333300,Adres + Postbus
6065,Montfort,,Roerdalen,Limburg,0475,51.11666700,5.95000000,Adres
6067,Linne,,Maasgouw,Limburg,0475,51.15000000,5.93333300,Adres + Postbus
6070,Swalmen,,Roermond,Limburg,0475,51.23333300,6.03333300,Postbus
6071,Swalmen,,Roermond,Limburg,0475,51.23333300,6.03333300,Adres
6074,Melick,,Roerdalen,Limburg,0475,51.16666700,6.01666700,Adres
6075,Herkenbosch,,Roerdalen,Limburg,0475,51.15000000,6.06666700,Adres
6077,Sint Odiliënberg,ST ODILIENBERG,Roerdalen,Limburg,0475,51.15000000,6.00000000,Adres + Postbus
6080,Haelen,,Leudal,Limburg,0475,51.23333300,5.95000000,Postbus
6081,Haelen,,Leudal,Limburg,0475,51.23333300,5.95000000,Adres
6082,Buggenum,,Leudal,Limburg,0475,51.23333300,5.98333300,Adres
6083,Nunhem,,Leudal,Limburg,0475,51.25000000,5.96666700,Adres
6085,Horn,,Leudal,Limburg,0475,51.25330000,5.95220000,Adres + Postbus
6086,Neer,,Leudal,Limburg,0475,51.26666700,5.98333300,Adres
6088,Roggel,,Leudal,Limburg,0475,51.26666700,5.91666700,Adres
6089,Heibloem,,Leudal,Limburg,0475,51.30080000,5.89580000,Adres
6091,Leveroy,LEVEROIJ,Nederweert,Limburg,0495,51.25000000,5.85000000,Adres
6092,Leveroy,LEVEROIJ,Nederweert,Limburg,0495,51.25000000,5.85000000,Adres
6093,Heythuysen,,Leudal,Limburg,0475,51.25000000,5.90000000,Adres + Postbus
6095,Baexem,,Leudal,Limburg,0475,51.23333300,5.88333300,Adres
6096,Grathem,,Leudal,Limburg,0475,51.20000000,5.86666700,Adres
6097,Heel,,Maasgouw,Limburg,0475,51.18333300,5.90000000,Adres + Postbus
6099,Beegden,,Maasgouw,Limburg,0475,51.18333300,5.91666700,Adres + Postbus
6100,Echt,,Echt-Susteren,Limburg,0475,51.10000000,5.88333300,Postbus
6101,Echt,,Echt-Susteren,Limburg,0475,51.10000000,5.88333300,Adres
6102,Echt,,Echt-Susteren,Limburg,0475,51.10000000,5.88333300,Adres
6104,Koningsbosch,,Echt-Susteren,Limburg,0475,51.05000000,5.96666700,Adres
6105,Maria Hoop,Mariahoop,Echt-Susteren,Limburg,0475,51.08333300,5.96666700,Adres
6107,Stevensweert,,Maasgouw,Limburg,0475,51.13333300,5.85000000,Adres
6109,Ohé en Laak,OHE EN LAAK,Maasgouw,Limburg,0475,51.11666670,5.85000000,Adres
6111,Sint Joost,ST JOOST,Echt-Susteren,Limburg,0475,51.11666700,5.90000000,Adres
6112,Sint Joost,ST JOOST,Echt-Susteren,Limburg,0475,51.11666700,5.90000000,Adres
6114,Susteren,,Echt-Susteren,Limburg,046,51.06666700,5.86666700,Adres + Postbus
6116,Roosteren,,Echt-Susteren,Limburg,046,51.08333300,5.81666700,Adres
6118,Nieuwstadt,,Echt-Susteren,Limburg,046,51.03333300,5.86666700,Adres
6120,Born,,Sittard-Geleen,Limburg,046,51.03333300,5.81666700,Postbus
6121,Born,,Sittard-Geleen,Limburg,046,51.03333300,5.81666700,Adres
6122,Buchten,,Sittard-Geleen,Limburg,046,51.05000000,5.81666700,Adres
6123,Holtum,,Sittard-Geleen,Limburg,046,51.05000000,5.83333300,Adres
6124,Papenhoven,,Sittard-Geleen,Limburg,046,51.05000000,5.76666700,Adres
6125,Obbicht,,Sittard-Geleen,Limburg,046,51.03333300,5.78333300,Adres
6127,Grevenbicht,,Sittard-Geleen,Limburg,046,51.03333300,5.78333300,Adres + Postbus
6129,Urmond,,Stein,Limburg,046,51.00000000,5.76666700,Adres
6130,Sittard,,Sittard-Geleen,Limburg,046,51.00000000,5.86666700,Postbus
6131,Sittard,,Sittard-Geleen,Limburg,046,51.00000000,5.86666700,Adres
6132,Sittard,,Sittard-Geleen,Limburg,046,51.00000000,5.86666700,Adres
6133,Sittard,,Sittard-Geleen,Limburg,046,51.00000000,5.86666700,Adres
6134,Sittard,,Sittard-Geleen,Limburg,046,51.00000000,5.86666700,Adres
6135,Sittard,,Sittard-Geleen,Limburg,046,51.00000000,5.86666700,Adres
6136,Sittard,,Sittard-Geleen,Limburg,046,51.00000000,5.86666700,Adres
6137,Sittard,,Sittard-Geleen,Limburg,046,51.00000000,5.86666700,Adres
6141,Limbricht,,Sittard-Geleen,Limburg,046,51.01666700,5.83333300,Adres
6142,Einighausen,,Sittard-Geleen,Limburg,046,51.00000000,5.83333300,Adres
6143,Guttecoven,,Sittard-Geleen,Limburg,046,51.01666700,5.81666700,Adres
6151,Munstergeleen,,Sittard-Geleen,Limburg,046,50.98333300,5.86666700,Adres
6153,Windraak,WINTRAAK,Sittard-Geleen,Limburg,046,50.96666700,5.88333300,Adres
6155,Puth,,Schinnen,Limburg,046,50.95000000,5.86666700,Adres
6160,Geleen,,Sittard-Geleen,Limburg,046,50.96666700,5.83333300,Postbus
6161,Geleen,,Sittard-Geleen,Limburg,046,50.96666700,5.83333300,Adres
6162,Geleen,,Sittard-Geleen,Limburg,046,50.96666700,5.83333300,Adres
6163,Geleen,,Sittard-Geleen,Limburg,046,50.96666700,5.83333300,Adres
6164,Geleen,,Sittard-Geleen,Limburg,046,50.96666700,5.83333300,Adres
6165,Geleen,,Sittard-Geleen,Limburg,046,50.96666700,5.83333300,Adres
6166,Geleen,,Sittard-Geleen,Limburg,046,50.96666700,5.83333300,Adres
6167,Geleen,,Sittard-Geleen,Limburg,046,50.96666700,5.83333300,Adres
6170,Stein,,Stein,Limburg,046,50.96666700,5.76666700,Postbus
6171,Stein,,Stein,Limburg,046,50.96666700,5.76666700,Adres
6174,Sweikhuizen,,Schinnen,Limburg,046,50.95000000,5.85000000,Adres
6176,Spaubeek,,Beek,Limburg,046,50.93333300,5.85000000,Adres
6181,Elsloo,,Stein,Limburg,046,50.95000000,5.76666700,Adres
6190,Beek,Beek Lb,Beek,Limburg,046,50.93861111,5.79666667,Postbus
6191,Beek,Beek Lb,Beek,Limburg,046,50.93861111,5.79666667,Adres
6192,Beek,Beek Lb,Beek,Limburg,046,50.93861111,5.79666667,Onbekend
6199,Maastricht-Airport,,Beek,Limburg,043,50.91339500,5.70741000,Adres + Postbus
6200,Maastricht,,Maastricht,Limburg,043,50.85000000,5.68333300,Postbus
6201,Maastricht,,Maastricht,Limburg,043,50.85000000,5.68333300,Postbus
6202,Maastricht,,Maastricht,Limburg,043,50.85000000,5.68333300,Postbus
6203,Maastricht,,Maastricht,Limburg,043,50.85000000,5.68333300,Postbus
6211,Maastricht,,Maastricht,Limburg,043,50.85000000,5.68333300,Adres
6212,Maastricht,,Maastricht,Limburg,043,50.85000000,5.68333300,Adres
6213,Maastricht,,Maastricht,Limburg,043,50.85000000,5.68333300,Adres
6214,Maastricht,,Maastricht,Limburg,043,50.85000000,5.68333300,Adres
6215,Maastricht,,Maastricht,Limburg,043,50.85000000,5.68333300,Adres
6216,Maastricht,,Maastricht,Limburg,043,50.85000000,5.68333300,Adres
6217,Maastricht,,Maastricht,Limburg,043,50.85000000,5.68333300,Adres
6218,Maastricht,,Maastricht,Limburg,043,50.85000000,5.68333300,Adres
6219,Maastricht,,Maastricht,Limburg,043,50.85000000,5.68333300,Adres
6221,Maastricht,,Maastricht,Limburg,043,50.85000000,5.68333300,Adres
6222,Maastricht,,Maastricht,Limburg,043,50.85000000,5.68333300,Adres
6223,Maastricht,,Maastricht,Limburg,043,50.85000000,5.68333300,Adres
6224,Maastricht,,Maastricht,Limburg,043,50.85000000,5.68333300,Adres
6225,Maastricht,,Maastricht,Limburg,043,50.85000000,5.68333300,Adres
6226,Maastricht,,Maastricht,Limburg,043,50.85000000,5.68333300,Adres
6227,Maastricht,,Maastricht,Limburg,043,50.85000000,5.68333300,Adres
6228,Maastricht,,Maastricht,Limburg,043,50.85000000,5.68333300,Adres
6229,Maastricht,,Maastricht,Limburg,043,50.85000000,5.68333300,Adres
6230,Meerssen,,Meerssen,Limburg,043,50.88333300,5.75000000,Postbus
6231,Meerssen,,Meerssen,Limburg,043,50.88333300,5.75000000,Adres
6235,Ulestraten,,Meerssen,Limburg,043,50.90000000,5.78333300,Adres
6237,Moorveld,,Meerssen,Limburg,043,50.91666700,5.75000000,Adres
6240,Bunde,,Meerssen,Limburg,043,50.88333300,5.73333300,Postbus
6241,Bunde,,Meerssen,Limburg,043,50.88333300,5.73333300,Adres
6243,Geulle,,Meerssen,Limburg,043,50.90000000,5.71666700,Adres
6245,Eijsden,EYSDEN,Eijsden,Limburg,043,50.78333300,5.70000000,Adres + Postbus
6247,Gronsveld,,Eijsden,Limburg,043,50.81666700,5.73333300,Adres
6251,Eckelrade,,Margraten,Limburg,043,50.80000000,5.76666700,Adres
6252,Eckelrade,,Margraten,Limburg,043,50.80000000,5.76666700,Adres
6255,Noorbeek,,Margraten,Limburg,043,50.76666700,5.81666700,Adres
6261,Mheer,,Margraten,Limburg,043,50.78333300,5.80000000,Adres
6262,Banholt,,Margraten,Limburg,043,50.78333300,5.81666700,Adres
6265,Sint Geertruid,ST GEERTRUID,Margraten,Limburg,043,50.80000000,5.76666700,Adres
6267,Cadier en Keer,,Margraten,Limburg,043,50.83333300,5.76666700,Adres + Postbus
6268,Bemelen,,Margraten,Limburg,043,50.85000000,5.76666700,Adres
6269,Margraten,,Margraten,Limburg,043,50.81666700,5.81666700,Adres + Postbus
6270,Gulpen,,Gulpen-Wittem,Limburg,043,50.81666700,5.90000000,Postbus
6271,Gulpen,,Gulpen-Wittem,Limburg,043,50.81666700,5.90000000,Adres
6273,Ingber,,Gulpen-Wittem,Limburg,043,50.81666700,5.86666700,Adres
6274,Reijmerstok,REYMERSTOK,Gulpen-Wittem,Limburg,043,50.80000000,5.83333300,Adres
6276,Heijenrath,HEYENRATH,Gulpen-Wittem,Limburg,043,50.76666670,5.86666670,Adres
6277,Slenaken,,Gulpen-Wittem,Limburg,043,50.76666700,5.86666700,Adres
6278,Beutenaken,,Gulpen-Wittem,Limburg,043,50.78333300,5.85000000,Adres
6281,Mechelen,,Gulpen-Wittem,Limburg,043,50.79580000,5.92640000,Adres
6285,Epen,,Gulpen-Wittem,Limburg,043,50.76666700,5.91666700,Adres
6286,Wittem,,Gulpen-Wittem,Limburg,043,50.81666700,5.91666700,Adres
6287,Eys,,Gulpen-Wittem,Limburg,043,50.83333300,5.93333300,Adres
6289,Elkenrade,,Gulpen-Wittem,Limburg,043,50.83333300,5.91666700,Adres
6290,Vaals,,Vaals,Limburg,043,50.76666700,6.01666700,Postbus
6291,Vaals,,Vaals,Limburg,043,50.76666700,6.01666700,Adres
6294,Vijlen,VYLEN,Vaals,Limburg,043,50.78333300,5.96666700,Adres
6295,Lemiers,,Vaals,Limburg,043,50.78333300,6.00000000,Adres
6300,Valkenburg,,Valkenburg aan de Geul,Limburg,043,50.86444444,5.83055550,Postbus
6301,Valkenburg,,Valkenburg aan de Geul,Limburg,043,50.86444444,5.83055550,Adres
6305,Schin op Geul,,Valkenburg aan de Geul,Limburg,043,50.85000000,5.88333300,Adres
6307,Scheulder,,Margraten,Limburg,043,50.83333300,5.85000000,Adres
6311,Ransdaal,,Voerendaal,Limburg,043,50.86666700,5.90000000,Adres
6312,Ransdaal,,Voerendaal,Limburg,043,50.86666700,5.90000000,Adres
6321,Wijlre,WYLRE,Gulpen-Wittem,Limburg,043,50.83333300,5.90000000,Adres
6325,Berg en Terblijt,BERG EN TERBLYT,Valkenburg aan de Geul,Limburg,043,50.85000000,5.78333330,Adres
6333,Schimmert,,Nuth,Limburg,045,50.91666700,5.83333300,Adres
6336,Hulsberg,,Nuth,Limburg,045,50.88333300,5.86666700,Adres
6341,Walem,Walem (ged.),Valkenburg aan de Geul,Limburg,043,50.86666670,5.86666670,Adres
6342,Walem,Walem (ged.),Valkenburg aan de Geul,Limburg,043,50.86666670,5.86666670,Adres
6343,Klimmen,,Voerendaal,Limburg,045,50.88333300,5.88333300,Adres
6351,Bocholtz,,Simpelveld,Limburg,045,50.81666700,6.00000000,Adres
6353,Baneheide,,Simpelveld,Limburg,045,50.81666670,5.98333330,Adres
6360,Nuth,,Nuth,Limburg,045,50.91666700,5.88333300,Postbus
6361,Nuth,,Nuth,Limburg,045,50.91666700,5.88333300,Adres
6363,Wijnandsrade,WYNANDSRADE,Nuth,Limburg,045,50.90000000,5.88333300,Adres
6365,Schinnen,,Schinnen,Limburg,046,50.95000000,5.86666700,Adres + Postbus
6367,Voerendaal,,Voerendaal,Limburg,045,50.88333300,5.93333300,Adres + Postbus
6369,Simpelveld,,Simpelveld,Limburg,045,50.83333300,5.98333300,Adres + Postbus
6370,Landgraaf,,Landgraaf,Limburg,045,50.90335000,6.03767400,Postbus
6371,Landgraaf,,Landgraaf,Limburg,045,50.90335000,6.03767400,Adres
6372,Landgraaf,,Landgraaf,Limburg,045,50.90335000,6.03767400,Adres
6373,Landgraaf,,Landgraaf,Limburg,045,50.90335000,6.03767400,Adres
6374,Landgraaf,,Landgraaf,Limburg,045,50.90335000,6.03767400,Adres
6400,Heerlen,,Heerlen,Limburg,045,50.90000000,5.98333300,Postbus
6401,Heerlen,,Heerlen,Limburg,045,50.90000000,5.98333300,Postbus
6411,Heerlen,,Heerlen,Limburg,045,50.90000000,5.98333300,Adres
6412,Heerlen,,Heerlen,Limburg,045,50.90000000,5.98333300,Adres
6413,Heerlen,,Heerlen,Limburg,045,50.90000000,5.98333300,Adres
6414,Heerlen,,Heerlen,Limburg,045,50.90000000,5.98333300,Adres
6415,Heerlen,,Heerlen,Limburg,045,50.90000000,5.98333300,Adres
6416,Heerlen,,Heerlen,Limburg,045,50.90000000,5.98333300,Adres
6417,Heerlen,,Heerlen,Limburg,045,50.90000000,5.98333300,Adres
6418,Heerlen,,Heerlen,Limburg,045,50.90000000,5.98333300,Adres
6419,Heerlen,,Heerlen,Limburg,045,50.90000000,5.98333300,Adres
6421,Heerlen,,Heerlen,Limburg,045,50.90000000,5.98333300,Adres
6422,Heerlen,,Heerlen,Limburg,045,50.90000000,5.98333300,Adres
6430,Hoensbroek,,Heerlen,Limburg,045,50.91666700,5.93333300,Postbus
6431,Hoensbroek,,Heerlen,Limburg,045,50.91666700,5.93333300,Adres
6432,Hoensbroek,,Heerlen,Limburg,045,50.91666700,5.93333300,Adres
6433,Hoensbroek,,Heerlen,Limburg,045,50.91666700,5.93333300,Adres
6436,Amstenrade,,Schinnen,Limburg,046,50.93333300,5.93333300,Adres
6438,Oirsbeek,,Schinnen,Limburg,046,50.95000000,5.90000000,Adres
6439,Doenrade,,Schinnen,Limburg,046,50.96666700,5.90000000,Adres
6440,Brunssum,,Brunssum,Limburg,045,50.95000000,5.96666700,Postbus
6441,Brunssum,,Brunssum,Limburg,045,50.95000000,5.96666700,Adres
6442,Brunssum,,Brunssum,Limburg,045,50.95000000,5.96666700,Adres
6443,Brunssum,,Brunssum,Limburg,045,50.95000000,5.96666700,Adres
6444,Brunssum,,Brunssum,Limburg,045,50.95000000,5.96666700,Adres
6445,Brunssum,,Brunssum,Limburg,045,50.95000000,5.96666700,Adres
6446,Brunssum,,Brunssum,Limburg,045,50.95000000,5.96666700,Adres
6447,Merkelbeek,,Onderbanken,Limburg,046,50.95000000,5.93333300,Adres
6450,Schinveld,,Onderbanken,Limburg,045,50.96666700,5.98333300,Postbus
6451,Schinveld,,Onderbanken,Limburg,045,50.96666700,5.98333300,Adres
6454,Jabeek,,Onderbanken,Limburg,046,50.98333300,5.93333300,Adres
6456,Bingelrade,,Onderbanken,Limburg,046,50.98333300,5.93333300,Adres
6460,Kerkrade,,Kerkrade,Limburg,045,50.86666700,6.06666700,Postbus
6461,Kerkrade,,Kerkrade,Limburg,045,50.86666700,6.06666700,Adres
6462,Kerkrade,,Kerkrade,Limburg,045,50.86666700,6.06666700,Adres
6463,Kerkrade,,Kerkrade,Limburg,045,50.86666700,6.06666700,Adres
6464,Kerkrade,,Kerkrade,Limburg,045,50.86666700,6.06666700,Adres
6465,Kerkrade,,Kerkrade,Limburg,045,50.86666700,6.06666700,Adres
6466,Kerkrade,,Kerkrade,Limburg,045,50.86666700,6.06666700,Adres
6467,Kerkrade,,Kerkrade,Limburg,045,50.86666700,6.06666700,Adres
6468,Kerkrade,,Kerkrade,Limburg,045,50.86666700,6.06666700,Adres
6469,Kerkrade,,Kerkrade,Limburg,045,50.86666700,6.06666700,Adres
6471,Eygelshoven,,Kerkrade,Limburg,045,50.90000000,6.05000000,Adres
6500,Nijmegen,NYMEGEN,Nijmegen,Gelderland,024,51.85000000,5.75000000,Postbus
6501,Nijmegen,NYMEGEN,Nijmegen,Gelderland,024,51.85000000,5.75000000,Postbus
6503,Nijmegen,NYMEGEN,Nijmegen,Gelderland,024,51.85000000,5.75000000,Postbus
6504,Nijmegen,NYMEGEN,Nijmegen,Gelderland,024,51.85000000,5.75000000,Postbus
6511,Nijmegen,NYMEGEN,Nijmegen,Gelderland,024,51.85000000,5.75000000,Adres
6512,Nijmegen,NYMEGEN,Nijmegen,Gelderland,024,51.85000000,5.75000000,Adres
6515,Nijmegen,NYMEGEN,Nijmegen,Gelderland,024,51.88194000,5.84399000,Onbekend
6521,Nijmegen,NYMEGEN,Nijmegen,Gelderland,024,51.85000000,5.75000000,Adres
6522,Nijmegen,NYMEGEN,Nijmegen,Gelderland,024,51.85000000,5.75000000,Adres
6523,Nijmegen,NYMEGEN,Nijmegen,Gelderland,024,51.85000000,5.75000000,Adres
6524,Nijmegen,NYMEGEN,Nijmegen,Gelderland,024,51.85000000,5.75000000,Adres
6525,Nijmegen,NYMEGEN,Nijmegen,Gelderland,024,51.85000000,5.75000000,Adres
6531,Nijmegen,NYMEGEN,Nijmegen,Gelderland,024,51.85000000,5.75000000,Adres + Postbus
6532,Nijmegen,NYMEGEN,Nijmegen,Gelderland,024,51.85000000,5.75000000,Adres
6533,Nijmegen,NYMEGEN,Nijmegen,Gelderland,024,51.85000000,5.75000000,Adres
6534,Nijmegen,NYMEGEN,Nijmegen,Gelderland,024,51.85000000,5.75000000,Adres
6535,Nijmegen,NYMEGEN,Nijmegen,Gelderland,024,51.85000000,5.75000000,Adres
6536,Nijmegen,NYMEGEN,Nijmegen,Gelderland,024,51.85000000,5.75000000,Adres
6537,Nijmegen,NYMEGEN,Nijmegen,Gelderland,024,51.85000000,5.75000000,Adres
6538,Nijmegen,NYMEGEN,Nijmegen,Gelderland,024,51.85000000,5.75000000,Adres
6541,Nijmegen,NYMEGEN,Nijmegen,Gelderland,024,51.85000000,5.75000000,Adres
6542,Nijmegen,NYMEGEN,Nijmegen,Gelderland,024,51.85000000,5.75000000,Adres
6543,Nijmegen,NYMEGEN,Nijmegen,Gelderland,024,51.85000000,5.75000000,Adres
6544,Nijmegen,NYMEGEN,Nijmegen,Gelderland,024,51.85000000,5.75000000,Adres
6545,Nijmegen,NYMEGEN,Nijmegen,Gelderland,024,51.85000000,5.75000000,Adres
6546,Nijmegen,NYMEGEN,Nijmegen,Gelderland,024,51.85000000,5.75000000,Adres
6550,Weurt,,Beuningen,Gelderland,024,51.85000000,5.81666700,Postbus
6551,Weurt,,Beuningen,Gelderland,024,51.85000000,5.81666700,Adres
6560,Groesbeek,,Groesbeek,Gelderland,024,51.78333300,5.93333300,Postbus
6561,Groesbeek,,Groesbeek,Gelderland,024,51.78333300,5.93333300,Adres
6562,Groesbeek,,Groesbeek,Gelderland,024,51.78333300,5.93333300,Adres
6564,Heilig Landstichting,H LANDSTICHTING,Groesbeek,Gelderland,024,51.81666700,5.90000000,Adres
6566,Millingen aan de Rijn,MILLINGEN AD RYN,Millingen aan de Rijn,Gelderland,0481,51.86666700,6.05000000,Adres + Postbus
6571,Berg en Dal,,Ubbergen,Gelderland,024,51.82027000,5.92010000,Adres
6572,Berg en Dal,,Ubbergen,Gelderland,024,51.82027000,5.92010000,Adres
6573,Beek-Ubbergen,,Ubbergen,Gelderland,024,51.83333300,5.91666700,Adres + Postbus
6574,Ubbergen,,Ubbergen,Gelderland,024,51.83333333,5.91666667,Adres
6575,Persingen,,Ubbergen,Gelderland,024,51.85000000,5.91666700,Adres
6576,Ooij,,Ubbergen,Gelderland,024,51.90000000,5.50000000,Adres + Postbus
6577,Erlecom,,Ubbergen,Gelderland,024,51.85000000,5.96666700,Adres
6578,Leuth,,Ubbergen,Gelderland,024,51.83333300,5.98333300,Adres
6579,Kekerdom,,Ubbergen,Gelderland,0481,51.86666700,6.00000000,Adres
6580,Malden,,Heumen,Gelderland,024,51.78333300,5.85000000,Postbus
6581,Malden,,Heumen,Gelderland,024,51.78333300,5.85000000,Adres
6582,Heumen,,Heumen,Gelderland,024,51.76666700,5.85000000,Adres
6584,Molenhoek,,Mook en Middelaar,Limburg,024,51.76666670,5.86666670,Adres + Postbus
6585,Mook,,Mook en Middelaar,Limburg,024,51.75000000,5.88333300,Adres + Postbus
6586,Plasmolen,,Mook en Middelaar,Limburg,024,51.73333300,5.91666700,Adres
6587,Middelaar,,Mook en Middelaar,Limburg,024,51.73333300,5.91666700,Adres
6590,Gennep,,Gennep,Limburg,0485,51.69830000,5.97360000,Postbus
6591,Gennep,,Gennep,Limburg,0485,51.69369000,5.97377000,Adres
6595,Ottersum,,Gennep,Limburg,0485,51.70000000,5.98333300,Adres
6596,Milsbeek,,Gennep,Limburg,0485,51.73333300,5.95000000,Adres
6598,Heijen,HEYEN,Gennep,Limburg,0485,51.68333300,5.98333300,Adres
6599,Ven-Zelderheide,,Gennep,Limburg,0485,51.70000000,6.01666667,Adres
6600,Wijchen,WYCHEN,Wijchen,Gelderland,024,51.81666700,5.73333300,Postbus
6601,Wijchen,WYCHEN,Wijchen,Gelderland,024,51.81666700,5.73333300,Adres
6602,Wijchen,WYCHEN,Wijchen,Gelderland,024,51.81666700,5.73333300,Adres
6603,Wijchen,WYCHEN,Wijchen,Gelderland,024,51.81666700,5.73333300,Adres
6604,Wijchen,WYCHEN,Wijchen,Gelderland,024,51.81666700,5.73333300,Adres
6605,Wijchen,WYCHEN,Wijchen,Gelderland,024,51.81666700,5.73333300,Adres
6606,Niftrik,,Wijchen,Gelderland,0486,51.80000000,5.66666700,Adres
6610,Overasselt,,Heumen,Gelderland,024,51.76666700,5.80000000,Postbus
6611,Overasselt,,Heumen,Gelderland,024,51.76666700,5.80000000,Adres
6612,Nederasselt,,Heumen,Gelderland,024,51.76666700,5.75000000,Adres
6613,Balgoij,BALGOY,Wijchen,Gelderland,024,51.78000000,5.71390000,Adres
6615,Leur,,Wijchen,Gelderland,024,51.81830000,5.69310000,Adres
6616,Hernen,,Wijchen,Gelderland,0487,51.83333300,5.68333300,Adres
6617,Bergharen,,Wijchen,Gelderland,0487,51.85000000,5.66666700,Adres + Postbus
6620,Dreumel,,West Maas en Waal,Gelderland,0487,51.85000000,5.43333300,Postbus
6621,Dreumel,,West Maas en Waal,Gelderland,0487,51.85000000,5.43333300,Adres
6624,Heerewaarden,,Maasdriel,Gelderland,0487,51.81666700,5.40000000,Adres + Postbus
6626,Alphen,,West Maas en Waal,Gelderland,0487,51.90213000,5.56903800,Adres
6627,Maasbommel,,West Maas en Waal,Gelderland,0487,51.81666700,5.53333300,Adres
6628,Altforst,,West Maas en Waal,Gelderland,0487,51.85000000,5.56666700,Adres
6629,Appeltern,,West Maas en Waal,Gelderland,0487,51.83333300,5.58333300,Adres
6631,Horssen,,Druten,Gelderland,0487,51.85000000,5.61666700,Adres
6634,Batenburg,,Wijchen,Gelderland,0487,51.81666700,5.63333300,Adres
6640,Beuningen,,Beuningen,Gelderland,024,51.86666700,5.78333300,Postbus
6641,Beuningen,,Beuningen,Gelderland,024,51.86666700,5.78333300,Adres
6642,Beuningen,,Beuningen,Gelderland,024,51.86666700,5.78333300,Adres
6644,Ewijk,,Beuningen,Gelderland,0487,51.76666700,5.76666700,Adres
6645,Winssen,,Beuningen,Gelderland,0487,51.88333300,5.71666700,Adres
6650,Druten,,Druten,Gelderland,0487,51.88333300,5.61666700,Postbus
6651,Druten,,Druten,Gelderland,0487,51.88333300,5.61666700,Adres
6652,Druten,,Druten,Gelderland,0487,51.88333300,5.61666700,Adres
6653,Deest,,Druten,Gelderland,0487,51.88333300,5.66666700,Adres
6654,Afferden,,Druten,Gelderland,0487,51.88333300,5.63333300,Adres
6655,Puiflijk,PUIFLYK,Druten,Gelderland,0487,51.88333300,5.58333300,Adres + Postbus
6657,Boven-Leeuwen,BOVEN LEEUWEN,West Maas en Waal,Gelderland,0487,51.88333300,5.55000000,Adres + Postbus
6658,Beneden-Leeuwen,BENEDEN LEEUWEN,West Maas en Waal,Gelderland,0487,51.88333300,5.51666700,Adres + Postbus
6659,Wamel,,West Maas en Waal,Gelderland,0487,51.88333300,5.46666700,Adres + Postbus
6660,Elst,,Overbetuwe,Gelderland,0481,51.91666700,5.85000000,Adres + Postbus
6661,Elst,,Overbetuwe,Gelderland,0481,51.91666700,5.85000000,Adres
6662,Elst,,Overbetuwe,Gelderland,0481,51.91666700,5.85000000,Adres
6663,Lent,,Nijmegen,Gelderland,024,51.86666700,5.86666700,Adres + Postbus
6665,Driel,,Overbetuwe,Gelderland,026,51.96666700,5.81666700,Adres + Postbus
6666,Heteren,,Overbetuwe,Gelderland,026,51.96666700,5.75000000,Adres + Postbus
6668,Randwijk,RANDWYK,Overbetuwe,Gelderland,0488,51.95000000,5.71666700,Adres
6669,Dodewaard,,Neder-Betuwe,Gelderland,0488,51.91666700,5.65000000,Adres + Postbus
6670,Zetten,,Overbetuwe,Gelderland,0488,51.93333300,5.71666700,Postbus
6671,Zetten,,Overbetuwe,Gelderland,0488,51.93333300,5.71666700,Adres
6672,Hemmen,,Overbetuwe,Gelderland,0488,51.93333300,5.70000000,Adres
6673,Andelst,,Overbetuwe,Gelderland,0488,51.90000000,5.73333300,Adres
6674,Herveld,,Overbetuwe,Gelderland,0488,51.90000000,5.75000000,Adres + Postbus
6675,Valburg,,Overbetuwe,Gelderland,0488,51.91666700,5.80000000,Adres + Postbus
6676,Homoet,,Overbetuwe,Gelderland,0481,51.93333300,5.80000000,Adres
6677,Slijk-Ewijk,,Overbetuwe,Gelderland,0481,51.88333300,5.80000000,Adres
6678,Oosterhout,Oosterhout Gld,Overbetuwe,Gelderland,0481,51.86666700,5.83333300,Adres + Postbus
6679,Oosterhout,Oosterhout Gld,Overbetuwe,Gelderland,0481,51.86666700,5.83333300,Adres
6680,Bemmel,,Lingewaard,Gelderland,0481,51.90000000,5.90000000,Postbus
6681,Bemmel,,Lingewaard,Gelderland,0481,51.90000000,5.90000000,Adres
6683,Ressen,,Nijmegen,Gelderland,0481,51.90000000,5.86666700,Adres
6684,Ressen,,Nijmegen,Gelderland,0481,51.90000000,5.86666700,Adres
6685,Haalderen,,Lingewaard,Gelderland,0481,51.88333300,5.93333300,Adres
6686,Doornenburg,,Lingewaard,Gelderland,0481,51.90000000,6.00000000,Adres
6687,Angeren,,Lingewaard,Gelderland,026,51.91666700,5.96666700,Adres
6690,Gendt,,Lingewaard,Gelderland,0481,51.88333300,5.96666700,Postbus
6691,Gendt,,Lingewaard,Gelderland,0481,51.88333300,5.96666700,Adres
6700,Wageningen,,Wageningen,Gelderland,0317,51.96666700,5.66666700,Postbus
6701,Wageningen,,Wageningen,Gelderland,0317,51.96666700,5.66666700,Adres
6702,Wageningen,,Wageningen,Gelderland,0317,51.96666700,5.66666700,Adres
6703,Wageningen,,Wageningen,Gelderland,0317,51.96666700,5.66666700,Adres
6704,Wageningen,,Wageningen,Gelderland,0317,51.96666700,5.66666700,Adres
6705,Wageningen,,Wageningen,Gelderland,0317,51.96666700,5.66666700,Adres
6706,Wageningen,,Wageningen,Gelderland,0317,51.96666700,5.66666700,Adres
6707,Wageningen,,Wageningen,Gelderland,0317,51.96666700,5.66666700,Adres
6708,Wageningen,,Wageningen,Gelderland,0317,51.96666700,5.66666700,Adres
6709,Wageningen,,Wageningen,Gelderland,0317,51.96666700,5.66666700,Adres
6710,Ede,,Ede,Gelderland,0318,52.03333300,5.66666700,Postbus
6711,Ede,,Ede,Gelderland,0318,52.03333300,5.66666700,Adres
6712,Ede,,Ede,Gelderland,0318,52.03333300,5.66666700,Adres
6713,Ede,,Ede,Gelderland,0318,52.03333300,5.66666700,Adres
6714,Ede,,Ede,Gelderland,0318,52.03333300,5.66666700,Adres
6715,Ede,,Ede,Gelderland,0318,52.03333300,5.66666700,Adres
6716,Ede,,Ede,Gelderland,0318,52.03333300,5.66666700,Adres
6717,Ede,,Ede,Gelderland,0318,52.03333300,5.66666700,Adres
6718,Ede,,Ede,Gelderland,0318,52.03333300,5.66666700,Adres
6720,Bennekom,,Ede,Gelderland,0318,52.00000000,5.68333300,Postbus
6721,Bennekom,,Ede,Gelderland,0318,52.00000000,5.68333300,Adres
6731,Otterlo,,Ede,Gelderland,0318,52.10000000,5.78333300,Adres
6732,Harskamp,,Ede,Gelderland,0318,52.13333300,5.75000000,Adres
6733,Wekerom,,Ede,Gelderland,0318,52.11666700,5.71666700,Adres
6740,Lunteren,,Ede,Gelderland,0318,52.08333300,5.61666700,Postbus
6741,Lunteren,,Ede,Gelderland,0318,52.08333300,5.61666700,Adres
6744,Ederveen,,Ede,Gelderland,0318,52.06666700,5.58333300,Adres + Postbus
6745,De Klomp,,Ede,Gelderland,0318,52.05000000,5.58333300,Adres
6800,Arnhem,,Arnhem,Gelderland,026,51.98333300,5.91666700,Adres + Postbus
6801,Arnhem,,Arnhem,Gelderland,026,51.98333300,5.91666700,Adres + Postbus
6802,Arnhem,,Arnhem,Gelderland,026,51.98333300,5.91666700,Postbus
6803,Arnhem,,Arnhem,Gelderland,026,51.98333300,5.91666700,Postbus
6811,Arnhem,,Arnhem,Gelderland,026,51.98333300,5.91666700,Adres
6812,Arnhem,,Arnhem,Gelderland,026,51.98333300,5.91666700,Adres
6813,Arnhem,,Arnhem,Gelderland,026,51.98333300,5.91666700,Adres
6814,Arnhem,,Arnhem,Gelderland,026,51.98333300,5.91666700,Adres
6815,Arnhem,,Arnhem,Gelderland,026,51.98333300,5.91666700,Adres
6816,Arnhem,,Arnhem,Gelderland,026,51.98333300,5.91666700,Adres
6821,Arnhem,,Arnhem,Gelderland,026,51.98333300,5.91666700,Adres
6822,Arnhem,,Arnhem,Gelderland,026,51.98333300,5.91666700,Adres
6823,Arnhem,,Arnhem,Gelderland,026,51.98333300,5.91666700,Adres
6824,Arnhem,,Arnhem,Gelderland,026,51.98333300,5.91666700,Adres
6825,Arnhem,,Arnhem,Gelderland,026,51.98333300,5.91666700,Adres
6826,Arnhem,,Arnhem,Gelderland,026,51.98333300,5.91666700,Adres
6827,Arnhem,,Arnhem,Gelderland,026,51.98333300,5.91666700,Adres
6828,Arnhem,,Arnhem,Gelderland,026,51.98333300,5.91666700,Adres
6831,Arnhem,,Arnhem,Gelderland,026,51.98333300,5.91666700,Adres
6832,Arnhem,,Arnhem,Gelderland,026,51.98333300,5.91666700,Adres
6833,Arnhem,,Arnhem,Gelderland,026,51.98333300,5.91666700,Adres
6834,Arnhem,,Arnhem,Gelderland,026,51.98333300,5.91666700,Adres
6835,Arnhem,,Arnhem,Gelderland,026,51.98333300,5.91666700,Adres
6836,Arnhem,,Arnhem,Gelderland,026,51.98333300,5.91666700,Adres
6841,Arnhem,,Arnhem,Gelderland,026,51.98333300,5.91666700,Adres
6842,Arnhem,,Arnhem,Gelderland,026,51.98333300,5.91666700,Adres
6843,Arnhem,,Arnhem,Gelderland,026,51.98333300,5.91666700,Adres
6844,Arnhem,,Arnhem,Gelderland,026,51.98333300,5.91666700,Adres
6845,Arnhem,,Arnhem,Gelderland,026,51.98333300,5.91666700,Adres
6846,Arnhem,,Arnhem,Gelderland,026,51.98333300,5.91666700,Adres
6850,Huissen,,Lingewaard,Gelderland,026,51.93333300,5.93333300,Postbus
6851,Huissen,,Lingewaard,Gelderland,026,51.93333300,5.93333300,Adres
6852,Huissen,,Lingewaard,Gelderland,026,51.93333300,5.93333300,Adres
6860,Oosterbeek,,Renkum,Gelderland,026,51.98580000,5.84580000,Postbus
6861,Oosterbeek,,Renkum,Gelderland,026,51.98580000,5.84580000,Adres
6862,Oosterbeek,,Renkum,Gelderland,026,51.98580000,5.84580000,Adres
6865,Doorwerth,,Renkum,Gelderland,026,51.98333300,5.80000000,Adres
6866,Heelsum,,Renkum,Gelderland,0317,51.98333300,5.75000000,Adres + Postbus
6870,Renkum,,Renkum,Gelderland,0317,51.96666700,5.73333300,Postbus
6871,Renkum,,Renkum,Gelderland,0317,51.96666700,5.73333300,Adres
6874,Wolfheze,,Renkum,Gelderland,026,52.00000000,5.78333300,Adres
6877,Deelen,,Ede,Gelderland,026,52.06666670,5.90000000,Adres
6880,Velp,,Rheden,Gelderland,026,52.00000000,6.00000000,Postbus
6881,Velp,,Rheden,Gelderland,026,52.00000000,6.00000000,Adres
6882,Velp,,Rheden,Gelderland,026,52.00000000,6.00000000,Adres
6883,Velp,,Rheden,Gelderland,026,52.00000000,6.00000000,Adres
6891,Rozendaal,,Rozendaal,Gelderland,026,52.00580000,5.96250000,Adres
6900,Zevenaar,,Zevenaar,Gelderland,0316,51.93333300,6.06666700,Postbus
6901,Zevenaar,,Zevenaar,Gelderland,0316,51.93333300,6.06666700,Adres
6902,Zevenaar,,Zevenaar,Gelderland,0316,51.93333300,6.06666700,Adres
6903,Zevenaar,,Zevenaar,Gelderland,0316,51.93333300,6.06666700,Adres
6904,Zevenaar,,Zevenaar,Gelderland,0316,51.93333300,6.06666700,Adres
6905,Zevenaar,,Zevenaar,Gelderland,0316,51.93333300,6.06666700,Adres
6909,Babberich,,Zevenaar,Gelderland,0316,51.90000000,6.11666700,Adres + Postbus
6911,Pannerden,,Rijnwaarden,Gelderland,0316,51.88333300,6.05000000,Adres
6913,Aerdt,,Rijnwaarden,Gelderland,0316,51.90000000,6.08333300,Adres
6914,Herwen,,Rijnwaarden,Gelderland,0316,51.88333300,6.10000000,Adres
6915,Lobith,,Rijnwaarden,Gelderland,0316,51.86666700,6.11666700,Adres
6916,Tolkamer,,Rijnwaarden,Gelderland,0316,51.85000000,6.10000000,Adres + Postbus
6917,Spijk,Spijk Gld,Rijnwaarden,Gelderland,0316,51.85000000,6.15000000,Adres
6920,Duiven,,Duiven,Gelderland,0316,51.95000000,6.01666700,Postbus
6921,Duiven,,Duiven,Gelderland,0316,51.95000000,6.01666700,Adres
6922,Duiven,,Duiven,Gelderland,0316,51.95000000,6.01666700,Adres
6923,Groessen,,Duiven,Gelderland,0316,51.93333300,6.03333300,Adres
6924,Loo,,Duiven,Gelderland,0316,51.92920000,5.99030000,Adres
6930,Westervoort,,Westervoort,Gelderland,026,51.96666700,5.96666700,Postbus
6931,Westervoort,,Westervoort,Gelderland,026,51.96666700,5.96666700,Adres
6932,Westervoort,,Westervoort,Gelderland,026,51.96666700,5.96666700,Adres
6940,Didam,,Montferland,Gelderland,0316,51.93333300,6.13333300,Postbus
6941,Didam,,Montferland,Gelderland,0316,51.93333300,6.13333300,Adres
6942,Didam,,Montferland,Gelderland,0316,51.93333300,6.13333300,Adres
6950,Dieren,,Rheden,Gelderland,0313,52.05000000,6.13333300,Postbus
6951,Dieren,,Rheden,Gelderland,0313,52.05000000,6.13333300,Adres
6952,Dieren,,Rheden,Gelderland,0313,52.05000000,6.13333300,Adres
6953,Dieren,,Rheden,Gelderland,0313,52.05000000,6.13333300,Adres
6955,Ellecom,,Rheden,Gelderland,0313,52.03333300,6.10000000,Adres
6956,Spankeren,,Rheden,Gelderland,0313,52.05000000,6.11666700,Adres
6957,Laag-Soeren,Laag-Soeren (ged.);Laag Soeren,Rheden,Gelderland,0313,52.08333330,6.06666670,Adres
6960,Eerbeek,,Brummen,Gelderland,0313,52.10000000,6.06666700,Postbus
6961,Eerbeek,,Brummen,Gelderland,0313,52.10000000,6.06666700,Adres
6964,Hall,,Brummen,Gelderland,0313,52.11170000,6.10140000,Adres
6970,Brummen,,Brummen,Gelderland,0575,52.10000000,6.16666700,Postbus
6971,Brummen,,Brummen,Gelderland,0575,52.10000000,6.16666700,Adres
6974,Leuvenheim,,Brummen,Gelderland,0575,52.08333300,6.13333300,Adres
6975,Tonden,,Brummen,Gelderland,0575,52.13333300,6.13333300,Adres
6980,Doesburg,,Doesburg,Gelderland,0313,52.01666700,6.13333300,Postbus
6981,Doesburg,,Doesburg,Gelderland,0313,52.01666700,6.13333300,Adres
6982,Doesburg,,Doesburg,Gelderland,0313,52.01666700,6.13333300,Adres
6983,Doesburg,,Doesburg,Gelderland,0313,52.01666700,6.13333300,Adres
6984,Doesburg,,Doesburg,Gelderland,0313,52.01666700,6.13333300,Adres
6986,Angerlo,,Zevenaar,Gelderland,0313,52.00000000,6.13333300,Adres
6987,Giesbeek,,Zevenaar,Gelderland,0313,52.00000000,6.06666700,Adres
6988,Lathum,,Zevenaar,Gelderland,0313,51.98333300,6.01666700,Adres
6990,Rheden,,Rheden,Gelderland,026,52.00000000,6.01666700,Postbus
6991,Rheden,,Rheden,Gelderland,026,52.00000000,6.01666700,Adres
6994,De Steeg,,Rheden,Gelderland,026,51.90000000,6.16666700,Adres + Postbus
6996,Drempt,,Bronckhorst,Gelderland,0313,52.00000000,6.16666700,Adres
6997,Hoog-Keppel,HOOG KEPPEL,Bronckhorst,Gelderland,0314,52.00000000,6.20000000,Adres + Postbus
6998,Laag-Keppel,LAAG KEPPEL,Bronckhorst,Gelderland,0314,52.00000000,6.21666700,Adres
6999,Hummelo,,Bronckhorst,Gelderland,0314,52.00000000,6.23333300,Adres
7000,Doetinchem,,Doetinchem,Gelderland,0314,51.96666700,6.30000000,Postbus
7001,Doetinchem,,Doetinchem,Gelderland,0314,51.96666700,6.30000000,Adres
7002,Doetinchem,,Doetinchem,Gelderland,0314,51.96666700,6.30000000,Adres
7003,Doetinchem,,Doetinchem,Gelderland,0314,51.96666700,6.30000000,Adres
7004,Doetinchem,,Doetinchem,Gelderland,0314,51.96666700,6.30000000,Adres
7005,Doetinchem,,Doetinchem,Gelderland,0314,51.96666700,6.30000000,Adres
7006,Doetinchem,,Doetinchem,Gelderland,0314,51.96666700,6.30000000,Adres
7007,Doetinchem,,Doetinchem,Gelderland,0314,51.96666700,6.30000000,Adres
7008,Doetinchem,,Doetinchem,Gelderland,0314,51.96666700,6.30000000,Adres
7009,Doetinchem,,Doetinchem,Gelderland,0314,51.96666700,6.30000000,Adres
7011,Gaanderen,,Doetinchem,Gelderland,0315,51.93333300,6.35000000,Adres
7020,Zelhem,,Bronckhorst,Gelderland,0314,52.00000000,6.35000000,Postbus
7021,Zelhem,,Bronckhorst,Gelderland,0314,52.00000000,6.35000000,Adres
7025,Halle,,Bronckhorst,Gelderland,0314,51.98333300,6.43333300,Adres
7030,Wehl,,Doetinchem,Gelderland,0314,51.96666700,6.21666700,Postbus
7031,Wehl,,Doetinchem,Gelderland,0314,51.96666700,6.21666700,Adres
7035,Kilder,,Montferland,Gelderland,0314,51.93333300,6.23333300,Adres
7036,Loerbeek,,Montferland,Gelderland,0316,51.93333300,6.21666700,Adres
7037,Beek,Beek Gld,Montferland,Gelderland,0316,51.92690000,6.22180000,Adres + Postbus
7038,Zeddam,,Montferland,Gelderland,0314,51.90000000,6.26666700,Adres + Postbus
7039,Stokkum,,Montferland,Gelderland,0314,51.88333300,6.21666700,Adres
7040,'s-Heerenberg,S HEERENBERG,Montferland,Gelderland,0314,51.87567000,6.24458000,Postbus
7041,'s-Heerenberg,S HEERENBERG,Montferland,Gelderland,0314,51.87567000,6.24458000,Adres
7044,Lengel,,Montferland,Gelderland,0314,51.88333300,6.26666700,Adres
7045,Azewijn,AZEWYN,Montferland,Gelderland,0314,51.88333300,6.30000000,Adres
7046,Vethuizen,,Montferland,Gelderland,0314,51.91666700,6.30000000,Adres
7047,Braamt,,Montferland,Gelderland,0314,51.91666700,6.26666700,Adres
7048,Wijnbergen,WYNBERGEN,Montferland,Gelderland,0314,52.31666700,6.01666700,Adres
7050,Varsseveld,,Oude IJsselstreek,Gelderland,0315,51.95000000,6.46666700,Postbus
7051,Varsseveld,,Oude IJsselstreek,Gelderland,0315,51.95000000,6.46666700,Adres
7054,Westendorp,,Oude IJsselstreek,Gelderland,0315,52.32580000,5.98890000,Adres
7055,Heelweg,,Oude IJsselstreek,Gelderland,0315,51.96666700,6.46666700,Adres
7060,Terborg,,Oude IJsselstreek,Gelderland,0315,51.91666700,6.35000000,Postbus
7061,Terborg,,Oude IJsselstreek,Gelderland,0315,51.91666700,6.35000000,Adres
7064,Silvolde,,Oude IJsselstreek,Gelderland,0315,51.91666700,6.38333300,Adres + Postbus
7065,Sinderen,,Oude IJsselstreek,Gelderland,0315,51.90000000,6.46666700,Adres
7070,Ulft,,Oude IJsselstreek,Gelderland,0315,51.90000000,6.38333300,Postbus
7071,Ulft,,Oude IJsselstreek,Gelderland,0315,51.90000000,6.38333300,Adres
7075,Etten,,Oude IJsselstreek,Gelderland,0315,51.91666700,6.33333300,Adres
7076,Varsselder-Veldhunten,VARSSELDER VELDH;Varsselder,Oude IJsselstreek,Gelderland,0315,51.88333300,6.35000000,Adres
7077,Netterden,,Oude IJsselstreek,Gelderland,0315,51.85000000,6.31666700,Adres
7078,Megchelen,,Oude IJsselstreek,Gelderland,0315,51.83333300,6.40000000,Adres
7080,Gendringen,,Oude IJsselstreek,Gelderland,0315,51.86666700,6.38333300,Postbus
7081,Gendringen,,Oude IJsselstreek,Gelderland,0315,51.86666700,6.38333300,Adres
7083,Voorst,Voorst Gendringen,Oude IJsselstreek,Gelderland,0315,52.17000000,6.14170000,Adres
7084,Breedenbroek,,Oude IJsselstreek,Gelderland,0315,51.88333300,6.46666700,Adres
7090,Dinxperlo,,Aalten,Gelderland,0315,51.86666700,6.48333300,Postbus
7091,Dinxperlo,,Aalten,Gelderland,0315,51.86666700,6.48333300,Adres
7095,De Heurne,,Aalten,Gelderland,0315,51.88333300,6.50000000,Adres
7100,Winterswijk,WINTERSWYK,Winterswijk,Gelderland,0543,51.96666700,6.71666700,Postbus
7101,Winterswijk,WINTERSWYK,Winterswijk,Gelderland,0543,51.96666700,6.71666700,Adres
7102,Winterswijk,WINTERSWYK,Winterswijk,Gelderland,0543,51.96666700,6.71666700,Adres
7103,Winterswijk,WINTERSWYK,Winterswijk,Gelderland,0543,51.96666700,6.71666700,Adres
7104,Winterswijk Meddo,Winterswyk Meddo;Meddo,Winterswijk,Gelderland,0543,52.01666700,6.70000000,Adres
7105,Winterswijk Huppel,Huppel,Winterswijk,Gelderland,0543,52.00000000,6.75000000,Adres
7106,Winterswijk Ratum,Ratum,Winterswijk,Gelderland,0543,51.98333300,6.81666700,Adres
7107,Winterswijk Kotten,Kotten,Winterswijk,Gelderland,0543,51.93333300,6.76666700,Adres
7108,Winterswijk Woold,Woold,Winterswijk,Gelderland,0543,51.93333300,6.71666700,Adres
7109,Winterswijk Miste,Winterswyk Miste;Miste,Winterswijk,Gelderland,0543,51.95000000,6.65000000,Adres
7113,Winterswijk Henxel,Henxel,Winterswijk,Gelderland,0543,51.98333300,6.75000000,Adres
7115,Winterswijk Brinkheurne,Brinkheurne,Winterswijk,Gelderland,0543,51.95000000,6.73333300,Adres
7119,Winterswijk Corle,Corle,Winterswijk,Gelderland,0543,51.96666700,6.66666700,Adres
7120,Aalten,,Aalten,Gelderland,0543,51.93333300,6.58333300,Postbus
7121,Aalten,,Aalten,Gelderland,0543,51.93333300,6.58333300,Adres
7122,Aalten,,Aalten,Gelderland,0543,51.93333300,6.58333300,Adres
7123,Aalten,,Aalten,Gelderland,0543,51.93333300,6.58333300,Adres
7125,Heurne,,Aalten,Gelderland,0543,51.92830000,6.58860000,Adres
7126,Bredevoort,,Aalten,Gelderland,0543,51.95000000,6.61666700,Adres
7130,Lichtenvoorde,,Oost Gelre,Gelderland,0544,51.98333300,6.56666700,Postbus
7131,Lichtenvoorde,,Oost Gelre,Gelderland,0544,51.98333300,6.56666700,Adres
7132,Lichtenvoorde,,Oost Gelre,Gelderland,0544,51.98333300,6.56666700,Adres
7134,Vragender,,Oost Gelre,Gelderland,0544,51.98333300,6.61666700,Adres
7135,Harreveld,,Oost Gelre,Gelderland,0544,51.98333300,6.51666700,Adres
7136,Zieuwent,,Oost Gelre,Gelderland,0544,52.00000000,6.51666700,Adres
7137,Lievelde,,Oost Gelre,Gelderland,0544,52.01666700,6.60000000,Adres
7140,Groenlo,,Oost Gelre,Gelderland,0544,52.05000000,6.61666700,Postbus
7141,Groenlo,,Oost Gelre,Gelderland,0544,52.05000000,6.61666700,Adres
7142,Groenlo,,Oost Gelre,Gelderland,0544,52.05000000,6.61666700,Adres
7150,Eibergen,,Berkelland,Gelderland,0545,52.10000000,6.65000000,Postbus
7151,Eibergen,,Berkelland,Gelderland,0545,52.10000000,6.65000000,Adres
7152,Eibergen,,Berkelland,Gelderland,0545,52.10000000,6.65000000,Adres
7156,Beltrum,,Berkelland,Gelderland,0544,52.06666700,6.56666700,Adres + Postbus
7157,Rekken,,Berkelland,Gelderland,0545,52.10000000,6.71666700,Adres
7160,Neede,,Berkelland,Gelderland,0545,52.13333300,6.61666700,Postbus
7161,Neede,,Berkelland,Gelderland,0545,52.13333300,6.61666700,Adres
7165,Rietmolen,,Berkelland,Gelderland,0545,52.15000000,6.66666700,Adres
7200,Zutphen,,Zutphen,Gelderland,0575,52.13333300,6.20000000,Postbus
7201,Zutphen,,Zutphen,Gelderland,0575,52.13333300,6.20000000,Adres
7202,Zutphen,,Zutphen,Gelderland,0575,52.13333300,6.20000000,Adres
7203,Zutphen,,Zutphen,Gelderland,0575,52.13333300,6.20000000,Adres
7204,Zutphen,,Zutphen,Gelderland,0575,52.13333300,6.20000000,Adres
7205,Zutphen,,Zutphen,Gelderland,0575,52.13333300,6.20000000,Adres
7206,Zutphen,,Zutphen,Gelderland,0575,52.13333300,6.20000000,Adres
7207,Zutphen,,Zutphen,Gelderland,0575,52.13333300,6.20000000,Adres
7211,Eefde,,Lochem,Gelderland,0575,52.16666700,6.23333300,Adres
7213,Gorssel,,Lochem,Gelderland,0575,52.20000000,6.20000000,Adres + Postbus
7214,Epse,,Lochem,Gelderland,0575,52.21666700,6.20000000,Adres
7215,Joppe,,Lochem,Gelderland,0575,52.20000000,6.23333300,Adres
7216,Kring van Dorth,,Lochem,Gelderland,0573,52.21666700,6.26666700,Adres
7217,Harfsen,,Lochem,Gelderland,0573,52.20000000,6.30000000,Adres
7218,Almen,,Lochem,Gelderland,0575,52.15000000,6.30000000,Adres
7220,Steenderen,,Bronckhorst,Gelderland,0575,52.06666700,6.18333300,Postbus
7221,Steenderen,,Bronckhorst,Gelderland,0575,52.06666700,6.18333300,Adres
7223,Baak,,Bronckhorst,Gelderland,0575,52.08333300,6.23333300,Adres
7224,Rha,,Bronckhorst,Gelderland,0575,52.05000000,6.15000000,Adres
7225,Olburgen,,Bronckhorst,Gelderland,0575,52.05000000,6.13333300,Adres
7226,Bronkhorst,,Bronckhorst,Gelderland,0575,52.08333300,6.18333300,Adres
7227,Toldijk,TOLDYK,Bronckhorst,Gelderland,0575,52.05000000,6.21666700,Adres
7230,Warnsveld,,Zutphen,Gelderland,0575,52.15000000,6.23333300,Postbus
7231,Warnsveld,,Zutphen,Gelderland,0575,52.15000000,6.23333300,Adres
7232,Warnsveld,,Zutphen,Gelderland,0575,52.15000000,6.23333300,Adres
7233,Vierakker,,Bronckhorst,Gelderland,0575,52.10000000,6.23333300,Adres
7234,Wichmond,,Bronckhorst,Gelderland,0575,52.08333300,6.25000000,Adres
7240,Lochem,,Lochem,Gelderland,0573,52.16666700,6.41666700,Adres + Postbus
7241,Lochem,,Lochem,Gelderland,0573,52.16666700,6.41666700,Adres
7242,Lochem,,Lochem,Gelderland,0573,52.16666700,6.41666700,Adres
7244,Barchem,,Lochem,Gelderland,0573,52.13333300,6.45000000,Adres
7245,Laren,,Lochem,Gelderland,0573,52.15040000,6.41910000,Adres + Postbus
7250,Vorden,,Bronckhorst,Gelderland,0575,52.10000000,6.31666700,Postbus
7251,Vorden,,Bronckhorst,Gelderland,0575,52.10000000,6.31666700,Adres
7255,Hengelo,Hengelo Gld,Bronckhorst,Gelderland,0575,52.26666700,6.80000000,Adres + Postbus
7256,Keijenborg,KEYENBORG,Bronckhorst,Gelderland,0575,52.03333300,6.30000000,Adres
7260,Ruurlo,,Berkelland,Gelderland,0573,52.08333300,6.45000000,Postbus
7261,Ruurlo,,Berkelland,Gelderland,0573,52.08333300,6.45000000,Adres
7263,Mariënvelde,MARIENVELDE,Oost Gelre,Gelderland,0544,52.01666670,6.46666670,Adres
7270,Borculo,,Berkelland,Gelderland,0545,52.11666700,6.51666700,Postbus
7271,Borculo,,Berkelland,Gelderland,0545,52.11666700,6.51666700,Adres
7273,Haarlo,,Berkelland,Gelderland,0545,52.11666700,6.58333300,Adres
7274,Geesteren,,Berkelland,Gelderland,0545,52.41666700,6.73333300,Adres
7275,Gelselaar,,Berkelland,Gelderland,0545,52.16666700,6.53333300,Adres
7300,Apeldoorn,,Apeldoorn,Gelderland,055,52.21666700,5.96666700,Postbus
7301,Apeldoorn,,Apeldoorn,Gelderland,055,52.21666700,5.96666700,Postbus
7302,Apeldoorn,,Apeldoorn,Gelderland,055,52.21666700,5.96666700,Postbus
7303,Apeldoorn,,Apeldoorn,Gelderland,055,52.21666700,5.96666700,Postbus
7311,Apeldoorn,,Apeldoorn,Gelderland,055,52.21666700,5.96666700,Adres
7312,Apeldoorn,,Apeldoorn,Gelderland,055,52.21666700,5.96666700,Adres
7313,Apeldoorn,,Apeldoorn,Gelderland,055,52.21666700,5.96666700,Adres
7314,Apeldoorn,,Apeldoorn,Gelderland,055,52.21666700,5.96666700,Adres
7315,Apeldoorn,,Apeldoorn,Gelderland,055,52.21666700,5.96666700,Adres
7316,Apeldoorn,,Apeldoorn,Gelderland,055,52.21666700,5.96666700,Adres
7317,Apeldoorn,,Apeldoorn,Gelderland,055,52.21666700,5.96666700,Adres
7320,Apeldoorn,,Apeldoorn,Gelderland,055,52.21666700,5.96666700,Postbus
7321,Apeldoorn,,Apeldoorn,Gelderland,055,52.21666700,5.96666700,Adres
7322,Apeldoorn,,Apeldoorn,Gelderland,055,52.21666700,5.96666700,Adres
7323,Apeldoorn,,Apeldoorn,Gelderland,055,52.21666700,5.96666700,Adres
7324,Apeldoorn,,Apeldoorn,Gelderland,055,52.21666700,5.96666700,Adres
7325,Apeldoorn,,Apeldoorn,Gelderland,055,52.21666700,5.96666700,Adres
7326,Apeldoorn,,Apeldoorn,Gelderland,055,52.21666700,5.96666700,Adres
7327,Apeldoorn,,Apeldoorn,Gelderland,055,52.21666700,5.96666700,Adres
7328,Apeldoorn,,Apeldoorn,Gelderland,055,52.21666700,5.96666700,Adres
7329,Apeldoorn,,Apeldoorn,Gelderland,055,52.21666700,5.96666700,Adres
7331,Apeldoorn,,Apeldoorn,Gelderland,055,52.21666700,5.96666700,Adres
7332,Apeldoorn,,Apeldoorn,Gelderland,055,52.21666700,5.96666700,Adres
7333,Apeldoorn,,Apeldoorn,Gelderland,055,52.21666700,5.96666700,Adres
7334,Apeldoorn,,Apeldoorn,Gelderland,055,52.21666700,5.96666700,Adres
7335,Apeldoorn,,Apeldoorn,Gelderland,055,52.21666700,5.96666700,Adres
7336,Apeldoorn,,Apeldoorn,Gelderland,055,52.21666700,5.96666700,Adres
7339,Ugchelen,,Apeldoorn,Gelderland,055,52.18333300,5.93333300,Adres
7341,Beemte Broekland,Beemte-Broekland;Beemte,Apeldoorn,Gelderland,055,52.25000000,6.00000000,Adres
7345,Wenum Wiesel,Wenum-Wiesel;Wenum,Apeldoorn,Gelderland,055,52.25000000,5.95000000,Adres
7346,Hoog Soeren,,Apeldoorn,Gelderland,055,52.21666670,5.88333330,Adres
7348,Radio Kootwijk,,Apeldoorn,Gelderland,055,52.17632500,5.83322500,Adres
7350,Hoenderloo,,Ede,Gelderland,055,52.12082000,5.84766000,Postbus
7351,Hoenderloo,,Ede,Gelderland,055,52.12082000,5.84766000,Adres
7352,Hoenderloo,,Ede,Gelderland,055,52.12082000,5.84766000,Adres
7360,Beekbergen,,Apeldoorn,Gelderland,055,52.15000000,5.96666700,Postbus
7361,Beekbergen,,Apeldoorn,Gelderland,055,52.15000000,5.96666700,Adres
7364,Lieren,,Apeldoorn,Gelderland,055,52.16666700,6.00000000,Adres
7370,Loenen,,Apeldoorn,Gelderland,055,52.20200000,5.98410000,Postbus
7371,Loenen,,Apeldoorn,Gelderland,055,52.20200000,5.98410000,Adres
7380,Klarenbeek,,Voorst,Gelderland,055,52.15000000,6.05000000,Postbus
7381,Klarenbeek,,Voorst,Gelderland,055,52.15000000,6.05000000,Adres
7382,Klarenbeek,,Voorst,Gelderland,055,52.15000000,6.05000000,Adres
7383,Voorst,Voorst Gld,Voorst,Gelderland,0575,52.17000000,6.14170000,Adres + Postbus
7384,Wilp,,Voorst,Gelderland,0571,52.21830000,6.15000000,Adres
7390,Twello,,Voorst,Gelderland,0571,52.23333300,6.10000000,Postbus
7391,Twello,,Voorst,Gelderland,0571,52.23333300,6.10000000,Adres
7392,Twello,,Voorst,Gelderland,0571,52.23333300,6.10000000,Adres
7395,Teuge,,Voorst,Gelderland,055,52.23333300,6.05000000,Adres
7396,Terwolde,,Voorst,Gelderland,0571,52.28333300,6.10000000,Adres + Postbus
7397,Nijbroek,NYBROEK,Voorst,Gelderland,0571,52.30000000,6.06666700,Adres
7399,Empe,,Brummen,Gelderland,0575,52.15000000,6.15000000,Adres
7400,Deventer,,Deventer,Overijssel,0570,52.25000000,6.20000000,Postbus
7401,Deventer,,Deventer,Overijssel,0570,52.25000000,6.20000000,Postbus
7411,Deventer,,Deventer,Overijssel,0570,52.25000000,6.20000000,Adres
7412,Deventer,,Deventer,Overijssel,0570,52.25000000,6.20000000,Adres
7413,Deventer,,Deventer,Overijssel,0570,52.25000000,6.20000000,Adres
7414,Deventer,,Deventer,Overijssel,0570,52.25000000,6.20000000,Adres
7415,Deventer,,Deventer,Overijssel,0570,52.25000000,6.20000000,Adres
7416,Deventer,,Deventer,Overijssel,0570,52.25000000,6.20000000,Adres
7417,Deventer,,Deventer,Overijssel,0570,52.25000000,6.20000000,Adres
7418,Deventer,,Deventer,Overijssel,0570,52.25000000,6.20000000,Adres
7419,Deventer,,Deventer,Overijssel,0570,52.25000000,6.20000000,Adres
7420,Deventer,,Deventer,Overijssel,0570,52.25000000,6.20000000,Postbus
7421,Deventer,,Deventer,Overijssel,0570,52.25000000,6.20000000,Adres
7422,Deventer,,Deventer,Overijssel,0570,52.25000000,6.20000000,Adres
7423,Deventer,,Deventer,Overijssel,0570,52.25000000,6.20000000,Adres
7424,Deventer,,Deventer,Overijssel,0570,52.25000000,6.20000000,Adres
7425,Deventer,,Deventer,Overijssel,0570,52.25000000,6.20000000,Adres
7426,Deventer,,Deventer,Overijssel,0570,52.25000000,6.20000000,Adres
7427,Deventer,,Deventer,Overijssel,0570,52.25000000,6.20000000,Adres
7428,Deventer,,Deventer,Overijssel,0570,52.25000000,6.20000000,Adres
7429,Colmschate,,Deventer,Overijssel,0570,52.25000000,6.21666700,Adres
7430,Diepenveen,,Deventer,Overijssel,0570,52.28628700,6.14819100,Postbus
7431,Diepenveen,,Deventer,Overijssel,0570,52.28628700,6.14819100,Adres
7433,Schalkhaar,,Deventer,Overijssel,0570,52.26666700,6.20000000,Adres
7434,Lettele,,Deventer,Overijssel,0570,52.28333300,6.26666700,Adres
7435,Okkenbroek,,Deventer,Overijssel,0570,52.30000000,6.31666700,Adres
7437,Bathmen,,Deventer,Overijssel,0570,52.25000000,6.28333300,Adres + Postbus
7439,Steenenkamer,,Voorst,Gelderland,0570,52.26666700,5.55000000,Adres
7440,Nijverdal,NYVERDAL,Hellendoorn,Overijssel,0548,52.36666700,6.46666700,Postbus
7441,Nijverdal,NYVERDAL,Hellendoorn,Overijssel,0548,52.36666700,6.46666700,Adres
7442,Nijverdal,NYVERDAL,Hellendoorn,Overijssel,0548,52.36666700,6.46666700,Adres
7443,Nijverdal,NYVERDAL,Hellendoorn,Overijssel,0548,52.36666700,6.46666700,Adres
7447,Hellendoorn,,Hellendoorn,Overijssel,0548,52.38333300,6.45000000,Adres
7448,Haarle,,Tubbergen,Overijssel,0548,52.40000000,6.83333300,Adres
7450,Holten,,Rijssen-Holten,Overijssel,0548,52.28000000,6.42000000,Postbus
7451,Holten,,Rijssen-Holten,Overijssel,0548,52.28000000,6.42000000,Adres
7460,Rijssen,RYSSEN,Rijssen-Holten,Overijssel,0548,52.30000000,6.51666700,Adres + Postbus
7461,Rijssen,RYSSEN,Rijssen-Holten,Overijssel,0548,52.30000000,6.51666700,Adres
7462,Rijssen,RYSSEN,Rijssen-Holten,Overijssel,0548,52.30000000,6.51666700,Adres
7463,Rijssen,RYSSEN,Rijssen-Holten,Overijssel,0548,52.30000000,6.51666700,Adres
7466,Zuna,,Wierden,Overijssel,0548,52.33333300,6.50000000,Adres
7467,Notter,,Wierden,Overijssel,0548,52.33333300,6.51666700,Adres
7468,Enter,,Wierden,Overijssel,0547,52.30000000,6.58333300,Adres + Postbus
7470,Goor,,Hof van Twente,Overijssel,0547,52.23330000,6.58610000,Postbus
7471,Goor,,Hof van Twente,Overijssel,0547,52.23330000,6.58610000,Adres
7472,Goor,,Hof van Twente,Overijssel,0547,52.23330000,6.58610000,Adres
7475,Markelo,,Hof van Twente,Overijssel,0547,52.23333300,6.50000000,Adres + Postbus
7478,Diepenheim,,Hof van Twente,Overijssel,0547,52.20000000,6.55000000,Adres
7480,Haaksbergen,,Haaksbergen,Overijssel,053,52.15000000,6.73333300,Postbus
7481,Haaksbergen,,Haaksbergen,Overijssel,053,52.15000000,6.73333300,Adres
7482,Haaksbergen,,Haaksbergen,Overijssel,053,52.15000000,6.73333300,Adres
7483,Haaksbergen,,Haaksbergen,Overijssel,053,52.15000000,6.73333300,Adres
7490,Delden,,Hof van Twente,Overijssel,074,52.26666700,6.71666700,Postbus
7491,Delden,,Hof van Twente,Overijssel,074,52.26666700,6.71666700,Adres
7495,Ambt Delden,,Hof van Twente,Overijssel,074,52.26666670,6.71666670,Adres
7496,Hengevelde,,Hof van Twente,Overijssel,0547,52.20000000,6.63333300,Adres
7497,Bentelo,,Hof van Twente,Overijssel,0547,52.23333300,6.68333300,Adres
7500,Enschede,,Enschede,Overijssel,053,52.21666700,6.90000000,Postbus
7503,Enschede,,Enschede,Overijssel,053,52.21666700,6.90000000,Postbus
7504,Enschede,,Enschede,Overijssel,053,52.21666700,6.90000000,Postbus
7511,Enschede,,Enschede,Overijssel,053,52.21666700,6.90000000,Adres
7512,Enschede,,Enschede,Overijssel,053,52.21666700,6.90000000,Adres
7513,Enschede,,Enschede,Overijssel,053,52.21666700,6.90000000,Adres
7514,Enschede,,Enschede,Overijssel,053,52.21666700,6.90000000,Adres
7521,Enschede,,Enschede,Overijssel,053,52.21666700,6.90000000,Adres
7522,Enschede,,Enschede,Overijssel,053,52.21666700,6.90000000,Adres
7523,Enschede,,Enschede,Overijssel,053,52.21666700,6.90000000,Adres
7524,Enschede,,Enschede,Overijssel,053,52.21666700,6.90000000,Adres
7525,Enschede,,Enschede,Overijssel,053,52.21666700,6.90000000,Adres
7531,Enschede,,Enschede,Overijssel,053,52.21666700,6.90000000,Adres
7532,Enschede,,Enschede,Overijssel,053,52.21666700,6.90000000,Adres
7533,Enschede,,Enschede,Overijssel,053,52.21666700,6.90000000,Adres
7534,Enschede,,Enschede,Overijssel,053,52.21666700,6.90000000,Adres
7535,Enschede,,Enschede,Overijssel,053,52.21666700,6.90000000,Adres
7536,Enschede,,Enschede,Overijssel,053,52.21666700,6.90000000,Adres
7541,Enschede,,Enschede,Overijssel,053,52.21666700,6.90000000,Adres
7542,Enschede,,Enschede,Overijssel,053,52.21666700,6.90000000,Adres
7543,Enschede,,Enschede,Overijssel,053,52.21666700,6.90000000,Adres
7544,Enschede,,Enschede,Overijssel,053,52.21666700,6.90000000,Adres
7545,Enschede,,Enschede,Overijssel,053,52.21666700,6.90000000,Adres
7546,Enschede,,Enschede,Overijssel,053,52.21666700,6.90000000,Adres
7547,Enschede,,Enschede,Overijssel,053,52.21666700,6.90000000,Adres
7548,Enschede,,Enschede,Overijssel,053,52.21666700,6.90000000,Adres
7550,Hengelo,Hengelo Ov,Hengelo,Overijssel,074,52.26580000,6.79310000,Postbus
7551,Hengelo,Hengelo Ov,Hengelo,Overijssel,074,52.26580000,6.79310000,Adres
7552,Hengelo,Hengelo Ov,Hengelo,Overijssel,074,52.26580000,6.79310000,Adres
7553,Hengelo,Hengelo Ov,Hengelo,Overijssel,074,52.26580000,6.79310000,Adres
7554,Hengelo,Hengelo Ov,Hengelo,Overijssel,074,52.26580000,6.79310000,Adres
7555,Hengelo,Hengelo Ov,Hengelo,Overijssel,074,52.26580000,6.79310000,Adres
7556,Hengelo,Hengelo Ov,Hengelo,Overijssel,074,52.26580000,6.79310000,Adres
7557,Hengelo,Hengelo Ov,Hengelo,Overijssel,074,52.26580000,6.79310000,Adres
7558,Hengelo,Hengelo Ov,Hengelo,Overijssel,074,52.26580000,6.79310000,Adres
7559,Hengelo,Hengelo Ov,Hengelo,Overijssel,074,52.26580000,6.79310000,Adres
7561,Deurningen,,Dinkelland,Overijssel,074,52.30000000,6.83333300,Adres
7562,Deurningen,,Dinkelland,Overijssel,074,52.30000000,6.83333300,Adres
7570,Oldenzaal,,Oldenzaal,Overijssel,0541,52.31666700,6.91666700,Postbus
7571,Oldenzaal,,Oldenzaal,Overijssel,0541,52.31666700,6.91666700,Adres
7572,Oldenzaal,,Oldenzaal,Overijssel,0541,52.31666700,6.91666700,Adres
7573,Oldenzaal,,Oldenzaal,Overijssel,0541,52.31666700,6.91666700,Adres
7574,Oldenzaal,,Oldenzaal,Overijssel,0541,52.31666700,6.91666700,Adres
7575,Oldenzaal,,Oldenzaal,Overijssel,0541,52.31666700,6.91666700,Adres
7576,Oldenzaal,,Oldenzaal,Overijssel,0541,52.31666700,6.91666700,Adres
7577,Oldenzaal,,Oldenzaal,Overijssel,0541,52.31666700,6.91666700,Adres
7580,Losser,,Losser,Overijssel,053,52.26666700,7.01666700,Postbus
7581,Losser,,Losser,Overijssel,053,52.26666700,7.01666700,Adres
7582,Losser,,Losser,Overijssel,053,52.26666700,7.01666700,Adres
7585,Glane,,Losser,Overijssel,053,52.23333300,7.00000000,Adres
7586,Overdinkel,,Losser,Overijssel,053,52.23333300,7.03333300,Adres + Postbus
7587,De Lutte,,Losser,Overijssel,0541,52.31666700,6.98333300,Adres
7588,Beuningen,,Losser,Overijssel,0541,52.26080000,7.00690000,Adres
7590,Denekamp,,Dinkelland,Overijssel,0541,52.38333300,7.00000000,Postbus
7591,Denekamp,,Dinkelland,Overijssel,0541,52.38333300,7.00000000,Adres
7595,Weerselo,,Dinkelland,Overijssel,0541,52.35000000,6.85000000,Adres + Postbus
7596,Rossum,,Dinkelland,Overijssel,0541,52.35000000,6.93333300,Adres
7597,Saasveld,,Dinkelland,Overijssel,074,52.33333300,6.81666700,Adres
7600,Almelo,,Almelo,Overijssel,0546,52.35000000,6.66666700,Adres + Postbus
7601,Almelo,,Almelo,Overijssel,0546,52.35000000,6.66666700,Adres
7602,Almelo,,Almelo,Overijssel,0546,52.35000000,6.66666700,Adres
7603,Almelo,,Almelo,Overijssel,0546,52.35000000,6.66666700,Adres
7604,Almelo,,Almelo,Overijssel,0546,52.35000000,6.66666700,Adres
7605,Almelo,,Almelo,Overijssel,0546,52.35000000,6.66666700,Adres
7606,Almelo,,Almelo,Overijssel,0546,52.35000000,6.66666700,Adres
7607,Almelo,,Almelo,Overijssel,0546,52.35000000,6.66666700,Adres
7608,Almelo,,Almelo,Overijssel,0546,52.35000000,6.66666700,Adres
7609,Almelo,,Almelo,Overijssel,0546,52.35000000,6.66666700,Adres
7610,Almelo,,Almelo,Overijssel,0546,52.35000000,6.66666700,Adres
7611,Aadorp,,Almelo,Overijssel,0546,52.36666700,6.63333300,Adres
7614,Mariaparochie,MARIA PAROCHIE,Tubbergen,Overijssel,0546,52.38333330,6.70000000,Adres
7615,Harbrinkhoek,,Tubbergen,Overijssel,0546,52.38333300,6.71666700,Adres
7620,Borne,,Borne,Overijssel,074,52.29922135,6.74975849,Postbus
7621,Borne,,Borne,Overijssel,074,52.29922135,6.74975849,Adres
7622,Borne,,Borne,Overijssel,074,52.29922135,6.74975849,Adres
7623,Borne,,Borne,Overijssel,074,52.29922135,6.74975849,Adres
7625,Zenderen,,Borne,Overijssel,074,52.31666700,6.73333300,Adres
7626,Hertme,,Borne,Overijssel,074,52.31666700,6.76666700,Adres
7627,Bornerbroek,,Almelo,Overijssel,074,52.31666700,6.65000000,Adres
7630,Ootmarsum,,Dinkelland,Overijssel,0541,52.41666700,6.90000000,Postbus
7631,Ootmarsum,,Dinkelland,Overijssel,0541,52.41666700,6.90000000,Adres
7634,Tilligte,,Dinkelland,Overijssel,0541,52.40000000,6.95000000,Adres
7635,Lattrop-Breklenkamp,Lattrop,Dinkelland,Overijssel,0541,52.43333300,6.98333300,Adres
7636,Agelo,,Dinkelland,Overijssel,0541,52.40000000,6.88333300,Adres
7637,Oud-Ootmarsum,OUD OOTMARSUM,Dinkelland,Overijssel,0541,52.41666700,6.91666700,Adres
7638,Nutter,,Dinkelland,Overijssel,0541,52.41666700,6.88333300,Adres
7640,Wierden,,Wierden,Overijssel,0546,52.36666700,6.60000000,Postbus
7641,Wierden,,Wierden,Overijssel,0546,52.36666700,6.60000000,Adres
7642,Wierden,,Wierden,Overijssel,0546,52.36666700,6.60000000,Adres
7645,Hoge Hexel,HOOGE HEXEL,Wierden,Overijssel,0546,52.39633000,6.55666000,Adres
7650,Tubbergen,,Tubbergen,Overijssel,0546,52.41666700,6.78333300,Postbus
7651,Tubbergen,,Tubbergen,Overijssel,0546,52.41666700,6.78333300,Adres
7661,Vasse,,Tubbergen,Overijssel,0541,52.43333300,6.83333300,Adres
7662,Hezingen,,Tubbergen,Overijssel,0541,52.45000000,6.86666700,Adres
7663,Mander,,Tubbergen,Overijssel,0541,52.45000000,6.83333300,Adres
7664,Manderveen,,Tubbergen,Overijssel,0541,52.45000000,6.78333300,Adres
7665,Albergen,,Tubbergen,Overijssel,0546,52.36666700,6.76666700,Adres
7666,Fleringen,,Tubbergen,Overijssel,0546,52.38333300,6.80000000,Adres
7667,Reutum,,Tubbergen,Overijssel,0541,52.40000000,6.85000000,Adres
7668,Haarle,,Tubbergen,Overijssel,0548,52.40000000,6.83333300,Adres
7670,Vriezenveen,,Twenterand,Overijssel,0546,52.41666700,6.61666700,Postbus
7671,Vriezenveen,,Twenterand,Overijssel,0546,52.41666700,6.61666700,Adres
7672,Vriezenveen,,Twenterand,Overijssel,0546,52.41666700,6.61666700,Adres
7675,Bruinehaar,,Twenterand,Overijssel,0546,52.48333300,6.70000000,Adres
7676,Westerhaar-Vriezenveensewijk,Westerhaar Vriezenveensewijk;Westerhaar,Twenterand,Overijssel,0546,52.46666700,6.61666700,Adres
7678,Geesteren,,Tubbergen,Overijssel,0546,52.41666700,6.73333300,Adres
7679,Langeveen,,Tubbergen,Overijssel,0546,52.46666700,6.71666700,Adres
7680,Vroomshoop,,Twenterand,Overijssel,0546,52.46666700,6.56666700,Postbus
7681,Vroomshoop,,Twenterand,Overijssel,0546,52.46666700,6.56666700,Adres
7683,Den Ham,,Twenterand,Overijssel,0546,52.46580000,6.49580000,Adres + Postbus
7685,Beerzerveld,,Ommen,Overijssel,0523,52.50000000,6.58333300,Adres
7686,Geerdijk,,,Overijssel,0546,52.47611111,6.56972222,Onbekend
7687,Daarlerveen,,Hellendoorn,Overijssel,0546,52.43333300,6.58333300,Adres
7688,Daarle,,Hellendoorn,Overijssel,0546,52.43333300,6.53333300,Adres
7691,Bergentheim,,Hardenberg,Overijssel,0523,52.53333300,6.61666700,Adres
7692,Mariënberg,MARIENBERG,Hardenberg,Overijssel,0523,52.51666670,6.56666670,Adres
7693,Sibculo,,Hardenberg,Overijssel,0523,52.48333300,6.63333300,Adres
7694,Kloosterhaar,,Hardenberg,Overijssel,0523,52.50000000,6.66666700,Adres
7695,Bruchterveld,,Hardenberg,Overijssel,0523,52.53333300,6.66666700,Adres
7696,Brucht,,Hardenberg,Overijssel,0523,52.55000000,6.61666700,Adres
7700,Dedemsvaart,,Hardenberg,Overijssel,0523,52.60000000,6.46666700,Postbus
7701,Dedemsvaart,,Hardenberg,Overijssel,0523,52.60000000,6.46666700,Adres
7702,Dedemsvaart,,Hardenberg,Overijssel,0523,52.60000000,6.46666700,Adres
7705,Drogteropslagen,,De Wolden,Drenthe,0523,52.61666700,6.50000000,Adres
7707,Balkbrug,,Hardenberg,Overijssel,0523,52.60000000,6.38333300,Adres
7710,Nieuwleusen,,Dalfsen,Overijssel,0529,52.58333300,6.28333300,Postbus
7711,Nieuwleusen,,Dalfsen,Overijssel,0529,52.58333300,6.28333300,Adres
7715,Punthorst,,Staphorst,Overijssel,0529,52.61666700,6.26666700,Adres
7720,Dalfsen,,Dalfsen,Overijssel,0529,52.50000000,6.26666700,Postbus
7721,Dalfsen,,Dalfsen,Overijssel,0529,52.50000000,6.26666700,Adres
7722,Dalfsen,,Dalfsen,Overijssel,0529,52.50000000,6.26666700,Adres
7730,Ommen,,Ommen,Overijssel,0529,52.51666700,6.43333300,Adres + Postbus
7731,Ommen,,Ommen,Overijssel,0529,52.51666700,6.43333300,Adres
7734,Vilsteren,,Ommen,Overijssel,0529,52.50000000,6.36666700,Adres
7735,Arriën,ARRIEN,Ommen,Overijssel,0529,52.53333330,6.45000000,Adres
7736,Beerze,,Ommen,Overijssel,0523,52.51666700,6.53333300,Adres
7737,Stegeren,,Ommen,Overijssel,0529,52.51666700,6.51666700,Adres
7738,Witharen,,Ommen,Overijssel,0523,52.56666700,6.40000000,Adres
7739,Vinkenbuurt,,Ommen,Overijssel,0523,52.58333300,6.35000000,Adres
7740,Coevorden,,Coevorden,Drenthe,0524,52.66666700,6.75000000,Postbus
7741,Coevorden,,Coevorden,Drenthe,0524,52.66666700,6.75000000,Adres
7742,Coevorden,,Coevorden,Drenthe,0524,52.66666700,6.75000000,Adres
7751,Dalen,,Coevorden,Drenthe,0524,52.70000000,6.75000000,Adres
7753,Dalerpeel,,Coevorden,Drenthe,0524,52.68333300,6.66666700,Adres
7754,Wachtum,,Coevorden,Drenthe,0524,52.71666700,6.75000000,Adres
7755,Dalerveen,,Coevorden,Drenthe,0524,52.68333300,6.81666700,Adres
7756,Stieltjeskanaal,,Coevorden,Drenthe,0524,52.68333300,6.83333300,Adres
7760,Schoonebeek,,Emmen,Drenthe,0524,52.66666700,6.88333300,Postbus
7761,Schoonebeek,,Emmen,Drenthe,0524,52.66666700,6.88333300,Adres
7764,Zandpol,,Emmen,Drenthe,0591,52.70000000,6.86666700,Adres
7765,Weiteveen,,Emmen,Drenthe,0524,52.66666700,7.00000000,Adres
7766,Nieuw-Schoonebeek,NIEUW SCHOONEBEEK,Emmen,Drenthe,0524,52.65000000,6.98333300,Adres
7770,Hardenberg,,Hardenberg,Overijssel,0523,52.56666700,6.61666700,Postbus
7771,Hardenberg,,Hardenberg,Overijssel,0523,52.56666700,6.61666700,Adres
7772,Hardenberg,,Hardenberg,Overijssel,0523,52.56666700,6.61666700,Adres
7773,Hardenberg,,Hardenberg,Overijssel,0523,52.56666700,6.61666700,Adres
7775,Lutten,,Hardenberg,Overijssel,0523,52.61666700,6.58333300,Adres
7776,Slagharen,,Hardenberg,Overijssel,0523,52.63333300,6.55000000,Adres
7777,Schuinesloot,,Hardenberg,Overijssel,0523,52.65000000,6.55000000,Adres
7778,Loozen,,Hardenberg,Overijssel,0524,52.60000000,6.66666700,Adres
7779,Holthone,,Hardenberg,Overijssel,0524,52.65000000,6.68333300,Adres
7780,De Krim,,Hardenberg,Overijssel,0524,52.64920000,6.61810000,Postbus
7781,De Krim,,Hardenberg,Overijssel,0524,52.64920000,6.61810000,Adres
7782,De Krim,,Hardenberg,Overijssel,0524,52.64920000,6.61810000,Adres
7783,Gramsbergen,,Hardenberg,Overijssel,0524,52.61666700,6.68333300,Adres + Postbus
7784,Ane,,Hardenberg,Overijssel,0524,52.61666700,6.65000000,Adres
7785,Anevelde,,Hardenberg,Overijssel,0524,52.60000000,6.65000000,Adres
7786,Den Velde,,Hardenberg,Overijssel,0524,52.60000000,6.70000000,Adres
7787,Holtheme,,Hardenberg,Overijssel,0524,52.61666700,6.68333300,Adres
7788,Anerveen,,Hardenberg,Overijssel,0524,52.63333300,6.66666700,Adres
7791,Radewijk,RADEWYK,Hardenberg,Overijssel,0523,52.56666700,6.73333300,Adres
7792,Venebrugge,,Hardenberg,Overijssel,0523,52.56666700,6.66666700,Adres
7793,Hoogenweg,,Hardenberg,Overijssel,0523,52.56666700,6.66666700,Adres
7794,Rheeze,,Hardenberg,Overijssel,0523,52.55000000,6.58333300,Adres
7795,Diffelen,,Hardenberg,Overijssel,0523,52.51666700,6.56666700,Adres
7796,Heemserveen,,Hardenberg,Overijssel,0523,52.60000000,6.56666700,Adres
7797,Rheezerveen,,Hardenberg,Overijssel,0523,52.56666700,6.53333300,Adres
7798,Collendoorn,,Hardenberg,Overijssel,0523,52.60000000,6.61666700,Adres
7800,Emmen,,Emmen,Drenthe,0591,52.78333300,6.90000000,Postbus
7801,Emmen,,Emmen,Drenthe,0591,52.78333300,6.90000000,Postbus
7811,Emmen,,Emmen,Drenthe,0591,52.78333300,6.90000000,Adres
7812,Emmen,,Emmen,Drenthe,0591,52.78333300,6.90000000,Adres
7813,Emmen,,Emmen,Drenthe,0591,52.78333300,6.90000000,Adres
7814,Emmen,,Emmen,Drenthe,0591,52.78333300,6.90000000,Adres
7815,Emmen,,Emmen,Drenthe,0591,52.78333300,6.90000000,Adres
7821,Emmen,,Emmen,Drenthe,0591,52.78333300,6.90000000,Adres
7822,Emmen,,Emmen,Drenthe,0591,52.78333300,6.90000000,Adres
7823,Emmen,,Emmen,Drenthe,0591,52.78333300,6.90000000,Adres
7824,Emmen,,Emmen,Drenthe,0591,52.78333300,6.90000000,Adres
7825,Emmen,,Emmen,Drenthe,0591,52.78333300,6.90000000,Adres
7826,Emmen,,Emmen,Drenthe,0591,52.78333300,6.90000000,Adres
7827,Emmen,,Emmen,Drenthe,0591,52.78333300,6.90000000,Adres
7828,Emmen,,Emmen,Drenthe,0591,52.78333300,6.90000000,Adres
7831,Nieuw-Weerdinge,NIEUW WEERDINGE,Emmen,Drenthe,0591,52.86666700,6.98333300,Adres
7833,Nieuw-Amsterdam,NIEUW AMSTERDAM,Emmen,Drenthe,0591,52.71666700,6.86666700,Adres + Postbus
7841,Sleen,,Coevorden,Drenthe,0591,52.78333300,6.80000000,Adres
7842,Diphoorn,,Coevorden,Drenthe,0591,52.76666700,6.81666700,Adres
7843,Erm,,Coevorden,Drenthe,0591,52.75000000,6.81666700,Adres
7844,Veenoord,,Emmen,Drenthe,0591,52.71666700,6.85000000,Adres
7845,Holsloot,,Coevorden,Drenthe,0591,52.71666700,6.80000000,Adres
7846,Noord-Sleen,NOORD SLEEN,Coevorden,Drenthe,0591,52.78333300,6.81666700,Adres
7847,'t Haantje,T HAANTJE,Coevorden,Drenthe,0591,52.81502000,6.82931000,Adres
7848,Schoonoord,,Coevorden,Drenthe,0591,52.85000000,6.75000000,Adres + Postbus
7849,De Kiel,,Coevorden,Drenthe,0591,52.86666700,6.75000000,Adres
7851,Zweeloo,,Coevorden,Drenthe,0591,52.80000000,6.73333300,Adres
7852,Wezup,,Coevorden,Drenthe,0591,52.81666700,6.71666700,Adres
7853,Wezuperbrug,,Coevorden,Drenthe,0591,52.83333300,6.71666700,Adres
7854,Aalden,,Coevorden,Drenthe,0591,52.78333300,6.73333300,Adres + Postbus
7855,Meppen,,Coevorden,Drenthe,0591,52.78333300,6.70000000,Adres
7856,Benneveld,,Coevorden,Drenthe,0591,52.78333300,6.75000000,Adres
7858,Eeserveen,EESERVEEN BORGER,Borger-Odoorn,Drenthe,0599,52.86666700,6.76666700,Adres
7859,Eeserveen,EESERVEEN BORGER,Borger-Odoorn,Drenthe,0599,52.86666700,6.76666700,Adres
7861,Oosterhesselen,,Coevorden,Drenthe,0524,52.75000000,6.73333300,Adres
7863,Gees,,Coevorden,Drenthe,0524,52.75000000,6.68333300,Adres
7864,Zwinderen,,Coevorden,Drenthe,0524,52.73333300,6.68333300,Adres
7871,Klijndijk,,Borger-Odoorn,Drenthe,0591,52.83333300,6.86666700,Adres
7872,Valthe,,Borger-Odoorn,Drenthe,0591,52.85000000,6.90000000,Adres
7873,Odoorn,,Borger-Odoorn,Drenthe,0591,52.85000000,6.85000000,Adres
7874,Odoornerveen,,Borger-Odoorn,Drenthe,0591,52.85000000,6.78333300,Adres
7875,Exloo,,Borger-Odoorn,Drenthe,0591,52.88333300,6.86666700,Adres
7876,Valthermond,,Borger-Odoorn,Drenthe,0599,52.88333300,6.98333300,Adres + Postbus
7877,Tweede Valthermond,,Borger-Odoorn,Drenthe,0599,52.90000000,7.03333300,Adres
7881,Emmer-Compascuum,EMMER COMPASCUUM;EMMER COMPAS,Emmen,Drenthe,0591,52.81666700,7.05000000,Adres
7884,Barger-Compascuum,BARGER COMPASCUUM,Emmen,Drenthe,0591,52.75000000,7.03333300,Adres
7885,Nieuw-Dordrecht,NIEUW DORDRECHT,Emmen,Drenthe,0591,52.75000000,6.96666700,Adres
7887,Erica,,Emmen,Drenthe,0591,52.71666700,6.93333300,Adres
7889,Klazienaveen-Noord,,Emmen,Drenthe,0592,52.76666667,7.00000000,Adres
7890,Klazienaveen,,Emmen,Drenthe,0591,52.73333300,7.00000000,Postbus
7891,Klazienaveen,,Emmen,Drenthe,0591,52.73333300,7.00000000,Adres
7892,Klazienaveen,,Emmen,Drenthe,0591,52.73333300,7.00000000,Adres
7894,Zwartemeer,,Emmen,Drenthe,0591,52.71666700,7.05000000,Adres + Postbus
7895,Roswinkel,,Emmen,Drenthe,0591,52.83333300,7.05000000,Adres
7900,Hoogeveen,,Hoogeveen,Drenthe,0528,52.73333300,6.48333300,Postbus
7901,Hoogeveen,,Hoogeveen,Drenthe,0528,52.73333300,6.48333300,Adres
7902,Hoogeveen,,Hoogeveen,Drenthe,0528,52.73333300,6.48333300,Adres
7903,Hoogeveen,,Hoogeveen,Drenthe,0528,52.73333300,6.48333300,Adres
7904,Hoogeveen,,Hoogeveen,Drenthe,0528,52.73333300,6.48333300,Adres
7905,Hoogeveen,,Hoogeveen,Drenthe,0528,52.73333300,6.48333300,Adres
7906,Hoogeveen,,Hoogeveen,Drenthe,0528,52.73333300,6.48333300,Adres
7907,Hoogeveen,,Hoogeveen,Drenthe,0528,52.73333300,6.48333300,Adres
7908,Hoogeveen,,Hoogeveen,Drenthe,0528,52.73333300,6.48333300,Adres
7909,Hoogeveen,,Hoogeveen,Drenthe,0528,52.73333300,6.48333300,Adres
7911,Nieuweroord,,Hoogeveen,Drenthe,0528,52.73333300,6.56666700,Adres
7912,Nieuweroord,,Hoogeveen,Drenthe,0528,52.73333300,6.56666700,Adres
7913,Hollandscheveld,,Hoogeveen,Drenthe,0528,52.70000000,6.53333300,Adres + Postbus
7914,Noordscheschut,,Hoogeveen,Drenthe,0528,52.71666700,6.53333300,Adres + Postbus
7915,Alteveer,Alteveer Dr,Hoogeveen,Drenthe,0528,52.68666670,6.48000000,Adres
7916,Elim,,Hoogeveen,Drenthe,0528,52.68333300,6.58333300,Adres
7917,Geesbrug,,Coevorden,Drenthe,0524,52.73333300,6.63333300,Adres
7918,Nieuwlande,,Hoogeveen,Drenthe,0528,52.68300000,6.60000000,Adres
7920,Zuidwolde,,De Wolden,Drenthe,0528,52.68333300,6.43333300,Postbus
7921,Zuidwolde,,De Wolden,Drenthe,0528,52.68333300,6.43333300,Adres
7924,Veeningen,,De Wolden,Drenthe,0528,52.66666700,6.36666700,Adres
7925,Linde,,De Wolden,Drenthe,0528,52.63944444,6.44694444,Adres
7926,Kerkenveld,,De Wolden,Drenthe,0528,52.66666700,6.50000000,Adres
7927,Alteveer,,De Wolden,Drenthe,0528,52.68328100,6.47537000,Adres
7929,Nieuwlande Coevorden,,Coevorden,Drenthe,0528,52.70000000,6.61666670,Adres
7931,Fluitenberg,,Hoogeveen,Drenthe,0528,52.73333300,6.45000000,Adres
7932,Echten,,De Wolden,Drenthe,0528,52.86666700,5.80000000,Adres
7933,Pesse,,Hoogeveen,Drenthe,0528,52.76666700,6.45000000,Adres
7934,Stuifzand,,Hoogeveen,Drenthe,0528,52.75000000,6.50000000,Adres
7935,Eursinge,,De Wolden,Drenthe,0528,52.78333330,6.45000000,Adres
7936,Tiendeveen,,Hoogeveen,Drenthe,0528,52.75000000,6.55000000,Adres
7938,Nieuw Balinge,NIEUW-BALINGE,Midden-Drenthe,Drenthe,0528,52.76666700,6.60000000,Adres
7940,Meppel,,Meppel,Drenthe,0522,52.70000000,6.20000000,Postbus
7941,Meppel,,Meppel,Drenthe,0522,52.70000000,6.20000000,Adres
7942,Meppel,,Meppel,Drenthe,0522,52.70000000,6.20000000,Adres
7943,Meppel,,Meppel,Drenthe,0522,52.70000000,6.20000000,Adres
7944,Meppel,,Meppel,Drenthe,0522,52.70000000,6.20000000,Adres
7946,Wanneperveen,,Steenwijkerland,Overijssel,0522,52.70000000,6.13333300,Adres
7948,Nijeveen,NYEVEEN,Meppel,Drenthe,0522,52.73333300,6.16666700,Adres
7949,Rogat,,Meppel,Drenthe,0522,52.68333300,6.26666700,Adres
7950,Staphorst,,Staphorst,Overijssel,0522,52.65000000,6.20000000,Postbus
7951,Staphorst,,Staphorst,Overijssel,0522,52.65000000,6.20000000,Adres
7954,Rouveen,,Staphorst,Overijssel,0522,52.61666700,6.18333300,Adres
7955,IJhorst,YHORST,Staphorst,Overijssel,0522,52.66666700,6.30000000,Adres
7957,De Wijk,DE WYK,De Wolden,Drenthe,0522,52.66666700,6.28333300,Adres + Postbus
7958,Koekange,,De Wolden,Drenthe,0522,52.70000000,6.31666700,Adres
7961,Ruinerwold,,De Wolden,Drenthe,0522,52.71666700,6.25000000,Adres
7963,Ruinen,,De Wolden,Drenthe,0522,52.76666700,6.35000000,Adres + Postbus
7964,Ansen,,De Wolden,Drenthe,0522,52.78333300,6.33333300,Adres
7965,Broekhuizen,Broekhuizen Dr,Meppel,Drenthe,0522,52.69500000,6.27500000,Adres
7966,De Schiphorst,,Meppel,Drenthe,0522,52.68333330,6.25000000,Adres
7970,Havelte,,Westerveld,Drenthe,0521,52.76666700,6.25000000,Postbus
7971,Havelte,,Westerveld,Drenthe,0521,52.76666700,6.25000000,Adres
7973,Darp,,Westerveld,Drenthe,0521,52.78333300,6.21666700,Adres
7974,Havelterberg,,Westerveld,Drenthe,0521,52.80000000,6.21666700,Adres
7975,Uffelte,,Westerveld,Drenthe,0521,52.78333300,6.28333300,Adres
7981,Diever,,Westerveld,Drenthe,0521,52.85000000,6.31666700,Adres
7983,Wapse,,Westerveld,Drenthe,0521,52.85000000,6.26666700,Adres
7984,Dieverbrug,,Westerveld,Drenthe,0521,52.85000000,6.33333300,Adres
7985,Geeuwenbrug,,Westerveld,Drenthe,0521,52.86666700,6.36666700,Adres
7986,Wittelte,,Westerveld,Drenthe,0521,52.83333300,6.30000000,Adres
7990,Dwingeloo,,Westerveld,Drenthe,0521,52.83333300,6.36666700,Postbus
7991,Dwingeloo,,Westerveld,Drenthe,0521,52.83333300,6.36666700,Adres
8000,Zwolle,,Zwolle,Overijssel,038,52.51666667,6.08333333,Postbus
8001,Zwolle,,Zwolle,Overijssel,038,52.51666667,6.08333333,Postbus
8003,Zwolle,,Zwolle,Overijssel,038,52.51666667,6.08333333,Postbus
8004,Zwolle,,Zwolle,Overijssel,038,52.51666667,6.08333333,Postbus
8011,Zwolle,,Zwolle,Overijssel,038,52.51666667,6.08333333,Adres
8012,Zwolle,,Zwolle,Overijssel,038,52.51666667,6.08333333,Adres
8013,Zwolle,,Zwolle,Overijssel,038,52.51666667,6.08333333,Adres
8014,Zwolle,,Zwolle,Overijssel,038,52.51666667,6.08333333,Adres
8015,Zwolle,,Zwolle,Overijssel,038,52.51666667,6.08333333,Adres
8016,Zwolle,,Zwolle,Overijssel,038,52.51666667,6.08333333,Adres
8017,Zwolle,,Zwolle,Overijssel,038,52.51666667,6.08333333,Adres
8019,Zwolle,,Zwolle,Overijssel,038,52.51666667,6.08333333,Adres
8021,Zwolle,,Zwolle,Overijssel,038,52.51666667,6.08333333,Adres
8022,Zwolle,,Zwolle,Overijssel,038,52.51666667,6.08333333,Adres
8023,Zwolle,,Zwolle,Overijssel,038,52.51666667,6.08333333,Adres
8024,Zwolle,,Zwolle,Overijssel,038,52.51666667,6.08333333,Adres
8025,Zwolle,,Zwolle,Overijssel,038,52.51666667,6.08333333,Adres
8026,Zwolle,,Zwolle,Overijssel,038,52.51666667,6.08333333,Adres
8028,Zwolle,,Zwolle,Overijssel,038,52.51666667,6.08333333,Adres
8031,Zwolle,,Zwolle,Overijssel,038,52.51666667,6.08333333,Adres
8032,Zwolle,,Zwolle,Overijssel,038,52.51666667,6.08333333,Adres
8033,Zwolle,,Zwolle,Overijssel,038,52.51666667,6.08333333,Adres
8034,Zwolle,,Zwolle,Overijssel,038,52.51666667,6.08333333,Adres
8035,Zwolle,,Zwolle,Overijssel,038,52.51666667,6.08333333,Adres
8041,Zwolle,,Zwolle,Overijssel,038,52.51666667,6.08333333,Adres
8042,Zwolle,,Zwolle,Overijssel,038,52.51666667,6.08333333,Adres
8043,Zwolle,,Zwolle,Overijssel,038,52.51666667,6.08333333,Adres
8044,Zwolle,,Zwolle,Overijssel,038,52.51666667,6.08333333,Adres
8045,Zwolle,,Zwolle,Overijssel,038,52.51666667,6.08333333,Adres
8050,Hattem,,Hattem,Gelderland,038,52.46666700,6.06666700,Postbus
8051,Hattem,,Hattem,Gelderland,038,52.46666700,6.06666700,Adres
8052,Hattem,,Hattem,Gelderland,038,52.46666700,6.06666700,Adres
8055,Laag Zuthem,,Raalte,Overijssel,0529,52.46666700,6.16666700,Adres
8060,Hasselt,,Zwartewaterland,Overijssel,038,52.59083300,6.09111100,Postbus
8061,Hasselt,,Zwartewaterland,Overijssel,038,52.59083300,6.09111100,Adres
8064,Zwartsluis,,Zwartewaterland,Overijssel,038,52.63333300,6.08333300,Adres
8066,Belt-Schutsloot,Belt,Steenwijkerland,Overijssel,038,52.66666670,6.06666670,Adres
8070,Nunspeet,,Nunspeet,Gelderland,0341,52.38333300,5.80000000,Adres + Postbus
8071,Nunspeet,,Nunspeet,Gelderland,0341,52.38333300,5.80000000,Adres
8072,Nunspeet,,Nunspeet,Gelderland,0341,52.38333300,5.80000000,Adres
8075,Elspeet,,Nunspeet,Gelderland,0577,52.30000000,5.78333300,Adres + Postbus
8076,Vierhouten,,Nunspeet,Gelderland,0577,52.33333300,5.83333300,Adres
8077,Hulshorst,,Nunspeet,Gelderland,0341,52.35000000,5.71666700,Adres
8079,Noordeinde,,Oldebroek,Gelderland,0525,52.46666667,5.91666667,Adres
8080,Elburg,,Elburg,Gelderland,0525,52.45000000,5.83333300,Postbus
8081,Elburg,,Elburg,Gelderland,0525,52.45000000,5.83333300,Adres
8082,Elburg,,Elburg,Gelderland,0525,52.45000000,5.83333300,Adres
8084,'t Harde,T HARDE,Elburg,Gelderland,0525,52.41666670,5.88333330,Adres + Postbus
8085,Doornspijk,DOORNSPYK,Elburg,Gelderland,0525,52.41666700,5.81666700,Adres + Postbus
8090,Wezep,,Oldebroek,Gelderland,038,52.46666700,6.00000000,Postbus
8091,Wezep,,Oldebroek,Gelderland,038,52.46666700,6.00000000,Adres
8094,Hattemerbroek,,Oldebroek,Gelderland,038,52.46666700,6.03333300,Adres
8095,'t Loo Oldebroek,'t Loo,Oldebroek,Gelderland,0525,52.45000000,5.96666670,Adres
8096,Oldebroek,,Oldebroek,Gelderland,0525,52.45000000,5.90000000,Adres + Postbus
8097,Oosterwolde,,Oldebroek,Gelderland,0525,52.45000000,5.90000000,Adres
8100,Raalte,,Raalte,Overijssel,0572,52.38333300,6.28333300,Postbus
8101,Raalte,,Raalte,Overijssel,0572,52.38333300,6.28333300,Adres
8102,Raalte,,Raalte,Overijssel,0572,52.38333300,6.28333300,Adres
8103,Raalte,,Raalte,Overijssel,0572,52.38333300,6.28333300,Adres
8105,Luttenberg,,Raalte,Overijssel,0572,52.40000000,6.36666700,Adres
8106,Mariënheem,MARIENHEEM,Raalte,Overijssel,0572,52.38333330,6.31666670,Adres
8107,Broekland,,Raalte,Overijssel,0570,52.26666700,6.01666700,Adres
8111,Heeten,,Raalte,Overijssel,0572,52.33333300,6.28333300,Adres
8112,Nieuw Heeten,NIEUW-HEETEN,Raalte,Overijssel,0572,52.31666700,6.35000000,Adres
8120,Olst,,Olst-Wijhe,Overijssel,0570,52.33333300,6.11666700,Postbus
8121,Olst,,Olst-Wijhe,Overijssel,0570,52.33333300,6.11666700,Adres
8124,Wesepe,,Olst-Wijhe,Overijssel,0570,52.33333300,6.21666700,Adres
8131,Wijhe,,Olst-Wijhe,Overijssel,0570,52.38333300,6.13333300,Adres
8140,Heino,,Raalte,Overijssel,0572,52.43333300,6.23333300,Postbus
8141,Heino,,Raalte,Overijssel,0572,52.43333300,6.23333300,Adres
8144,Lierderholthuis,,Raalte,Overijssel,0572,52.43333300,6.20000000,Adres
8146,Dalmsholte,,Ommen,Overijssel,0572,52.48333330,6.36666670,Adres
8147,Giethmen,,Ommen,Overijssel,0529,52.50000000,6.40000000,Adres
8148,Lemele,,Ommen,Overijssel,0572,52.45000000,6.41666700,Adres
8151,Lemelerveld,,Dalfsen,Overijssel,0572,52.45000000,6.35000000,Adres
8152,Lemelerveld,,Dalfsen,Overijssel,0572,52.45000000,6.35000000,Adres
8153,Lemelerveld,,Dalfsen,Overijssel,0572,52.45000000,6.35000000,Adres
8154,Lemelerveld,,Dalfsen,Overijssel,0572,52.45000000,6.35000000,Adres
8160,Epe,,Epe,Gelderland,0578,52.35000000,5.98333300,Postbus
8161,Epe,,Epe,Gelderland,0578,52.35000000,5.98333300,Adres
8162,Epe,,Epe,Gelderland,0578,52.35000000,5.98333300,Adres
8166,Emst,,Epe,Gelderland,0578,52.31666700,5.98333300,Adres + Postbus
8167,Oene,,Epe,Gelderland,0578,52.35000000,6.05000000,Adres
8170,Vaassen,,Epe,Gelderland,0578,52.28333300,5.96666700,Postbus
8171,Vaassen,,Epe,Gelderland,0578,52.28333300,5.96666700,Adres
8172,Vaassen,,Epe,Gelderland,0578,52.28333300,5.96666700,Adres
8180,Heerde,,Heerde,Gelderland,0578,52.38333300,6.05000000,Postbus
8181,Heerde,,Heerde,Gelderland,0578,52.38333300,6.05000000,Adres
8190,Wapenveld,,Heerde,Gelderland,038,52.43333300,6.06666700,Postbus
8191,Wapenveld,,Heerde,Gelderland,038,52.43333300,6.06666700,Adres
8193,Vorchten,,Heerde,Gelderland,0578,52.40000000,6.11666700,Adres
8194,Veessen,,Heerde,Gelderland,0578,52.38333300,6.08333300,Adres
8196,Welsum,,Olst-Wijhe,Overijssel,0570,52.33722222,6.09166667,Adres
8198,Marle,,Olst-Wijhe,Overijssel,0578,52.41666700,6.13333300,Adres
8200,Lelystad,,Lelystad,Flevoland,0320,52.51666700,5.45000000,Postbus
8202,Lelystad,,Lelystad,Flevoland,0320,52.51666700,5.45000000,Postbus
8203,Lelystad,,Lelystad,Flevoland,0320,52.51666700,5.45000000,Postbus
8211,Lelystad,,Lelystad,Flevoland,0320,52.51666700,5.45000000,Adres
8212,Lelystad,,Lelystad,Flevoland,0320,52.51666700,5.45000000,Adres
8218,Lelystad,,Lelystad,Flevoland,0320,52.51666700,5.45000000,Adres
8219,Lelystad,,Lelystad,Flevoland,0320,52.51666700,5.45000000,Adres
8221,Lelystad,,Lelystad,Flevoland,0320,52.51666700,5.45000000,Adres
8222,Lelystad,,Lelystad,Flevoland,0320,52.51666700,5.45000000,Adres
8223,Lelystad,,Lelystad,Flevoland,0320,52.51666700,5.45000000,Adres
8224,Lelystad,,Lelystad,Flevoland,0320,52.51666700,5.45000000,Adres
8225,Lelystad,,Lelystad,Flevoland,0320,52.51666700,5.45000000,Adres
8226,Lelystad,,Lelystad,Flevoland,0320,52.51666700,5.45000000,Adres
8231,Lelystad,,Lelystad,Flevoland,0320,52.51666700,5.45000000,Adres
8232,Lelystad,,Lelystad,Flevoland,0320,52.51666700,5.45000000,Adres
8233,Lelystad,,Lelystad,Flevoland,0320,52.51666700,5.45000000,Adres
8239,Lelystad,,Lelystad,Flevoland,0320,52.51666700,5.45000000,Adres
8241,Lelystad,,Lelystad,Flevoland,0320,52.51666700,5.45000000,Adres
8242,Lelystad,,Lelystad,Flevoland,0320,52.51666700,5.45000000,Adres
8243,Lelystad,,Lelystad,Flevoland,0320,52.51666700,5.45000000,Adres
8244,Lelystad,,Lelystad,Flevoland,0320,52.51666700,5.45000000,Adres
8245,Lelystad,,Lelystad,Flevoland,0320,52.51666700,5.45000000,Adres
8250,Dronten,,Dronten,Flevoland,0321,52.53333300,5.71666700,Postbus
8251,Dronten,,Dronten,Flevoland,0321,52.53333300,5.71666700,Adres
8252,Dronten,,Dronten,Flevoland,0321,52.53333300,5.71666700,Adres
8253,Dronten,,Dronten,Flevoland,0321,52.53333300,5.71666700,Adres
8254,Dronten,,Dronten,Flevoland,0321,52.53333300,5.71666700,Adres
8255,Swifterbant,,Dronten,Flevoland,0321,52.56666700,5.63333300,Adres
8256,Biddinghuizen,,Dronten,Flevoland,0321,52.45000000,5.70000000,Adres + Postbus
8260,Kampen,,Kampen,Overijssel,038,52.55000000,5.90000000,Adres + Postbus
8261,Kampen,,Kampen,Overijssel,038,52.55000000,5.90000000,Adres
8262,Kampen,,Kampen,Overijssel,038,52.55000000,5.90000000,Adres
8263,Kampen,,Kampen,Overijssel,038,52.55000000,5.90000000,Adres
8264,Kampen,,Kampen,Overijssel,038,52.55000000,5.90000000,Adres
8265,Kampen,,Kampen,Overijssel,038,52.55000000,5.90000000,Adres
8266,Kampen,,Kampen,Overijssel,038,52.55000000,5.90000000,Adres
8267,Kampen,,Kampen,Overijssel,038,52.55000000,5.90000000,Adres
8271,IJsselmuiden,YSSELMUIDEN,Kampen,Overijssel,038,52.56666700,5.91666700,Adres
8274,Wilsum,,Kampen,Overijssel,038,52.53333300,5.96666700,Adres
8275,'s-Heerenbroek,S HEERENBROEK,Kampen,Overijssel,038,52.53333330,6.01666670,Adres
8276,Zalk,,Kampen,Overijssel,038,52.51666700,6.01666700,Adres
8277,Grafhorst,,Kampen,Overijssel,038,52.58333300,5.93333300,Adres
8278,Kamperveen,,Kampen,Overijssel,038,52.53333300,5.90000000,Adres
8280,Genemuiden,,Zwartewaterland,Overijssel,038,52.63333300,6.05000000,Postbus
8281,Genemuiden,,Zwartewaterland,Overijssel,038,52.63333300,6.05000000,Adres
8291,Mastenbroek,,Zwartewaterland,Overijssel,038,52.57368000,6.02232000,Adres
8292,Mastenbroek,,Zwartewaterland,Overijssel,038,52.57368000,6.02232000,Onbekend
8293,Mastenbroek,,Zwartewaterland,Overijssel,038,52.57368000,6.02232000,Adres
8294,Mastenbroek,,Zwartewaterland,Overijssel,038,52.57368000,6.02232000,Adres
8300,Emmeloord,,Noordoostpolder,Flevoland,0527,52.71666700,5.76666700,Adres + Postbus
8301,Emmeloord,,Noordoostpolder,Flevoland,0527,52.71666700,5.76666700,Adres
8302,Emmeloord,,Noordoostpolder,Flevoland,0527,52.71666700,5.76666700,Adres
8303,Emmeloord,,Noordoostpolder,Flevoland,0527,52.71666700,5.76666700,Adres
8304,Emmeloord,,Noordoostpolder,Flevoland,0527,52.71666700,5.76666700,Adres
8305,Emmeloord,,Noordoostpolder,Flevoland,0527,52.71666700,5.76666700,Adres
8307,Ens,,Noordoostpolder,Flevoland,0527,52.63333300,5.83333300,Adres
8308,Nagele,,Noordoostpolder,Flevoland,0527,52.65000000,5.73333300,Adres
8309,Tollebeek,,Noordoostpolder,Flevoland,0527,52.68333300,5.68333300,Adres
8311,Espel,,Noordoostpolder,Flevoland,0527,52.71666700,5.65000000,Adres
8312,Creil,,Noordoostpolder,Flevoland,0527,52.76666700,5.66666700,Adres
8313,Rutten,,Noordoostpolder,Flevoland,0527,52.80000000,5.70000000,Adres
8314,Bant,,Noordoostpolder,Flevoland,0527,52.76666700,5.75000000,Adres
8315,Luttelgeest,,Noordoostpolder,Flevoland,0527,52.75000000,5.85000000,Adres
8316,Marknesse,,Noordoostpolder,Flevoland,0527,52.71666700,5.86666700,Adres + Postbus
8317,Kraggenburg,,Noordoostpolder,Flevoland,0527,52.66666700,5.90000000,Adres
8319,Schokland,,Noordoostpolder,Flevoland,0527,52.63481000,5.77739000,Adres
8320,Urk,,Urk,Flevoland,0527,52.66087568,5.60863585,Postbus
8321,Urk,,Urk,Flevoland,0527,52.66087568,5.60863585,Adres
8322,Urk,,Urk,Flevoland,0527,52.66087568,5.60863585,Adres
8325,Vollenhove,,Steenwijkerland,Overijssel,0527,52.68161600,5.95145300,Adres + Postbus
8326,Sint Jansklooster,ST JANSKLOOSTER,Steenwijkerland,Overijssel,0527,52.68333300,6.03333300,Adres
8330,Steenwijk,Steenwyk,Steenwijkerland,Overijssel,0521,52.78333300,6.11666700,Postbus
8331,Steenwijk,Steenwyk,Steenwijkerland,Overijssel,0521,52.78333300,6.11666700,Adres
8332,Steenwijk,Steenwyk,Steenwijkerland,Overijssel,0521,52.78333300,6.11666700,Adres
8334,Tuk,,Steenwijkerland,Overijssel,0521,52.80000000,6.10000000,Adres
8335,Witte Paarden,WITTEPAARDEN,Steenwijkerland,Overijssel,0521,52.81666670,6.06666670,Adres
8336,Baars,,Steenwijkerland,Overijssel,0521,52.81666700,6.08333300,Adres
8337,De Pol,,Steenwijkerland,Overijssel,0521,52.82000000,6.08060000,Adres
8338,Willemsoord,,Steenwijkerland,Overijssel,0521,52.82500000,6.05970000,Adres
8339,Marijenkampen,MARYENKAMPEN,Steenwijkerland,Overijssel,0521,52.81666700,6.05000000,Adres
8341,Steenwijkerwold,STEENWYKERWOLD,Steenwijkerland,Overijssel,0521,52.80000000,6.06666700,Adres
8342,Basse,,Steenwijkerland,Overijssel,0521,52.80000000,6.03333300,Adres
8343,Zuidveen,,Steenwijkerland,Overijssel,0521,52.78333300,6.10000000,Adres
8344,Onna,,Steenwijkerland,Overijssel,0521,52.76666700,6.15000000,Adres
8345,Kallenkote,,Steenwijkerland,Overijssel,0521,52.80000000,6.18333300,Adres
8346,De Bult,,Steenwijkerland,Overijssel,0521,52.79820000,6.10480000,Adres
8347,Eesveen,,Steenwijkerland,Overijssel,0521,52.81666700,6.13333300,Adres
8351,Wapserveen,,Westerveld,Drenthe,0521,52.83333300,6.25000000,Adres
8355,Giethoorn,,Steenwijkerland,Overijssel,0521,52.68333300,6.23333300,Adres + Postbus
8356,Blokzijl,BLOKZYL,Steenwijkerland,Overijssel,0527,52.71666700,5.96666700,Adres
8361,IJsselham,YSSELHAM,Steenwijkerland,Overijssel,0561,52.80000000,5.95000000,Adres
8362,Nederland,,Steenwijkerland,Overijssel,0527,52.75000000,5.96666700,Adres
8363,Wetering,,Steenwijkerland,Overijssel,0521,52.76666700,6.00000000,Adres
8371,Scheerwolde,,Steenwijkerland,Overijssel,0521,52.75000000,6.01666700,Adres
8372,Baarlo,,Zwartewaterland,Overijssel,0527,52.73830000,5.95000000,Adres
8373,Blankenham,,Steenwijkerland,Overijssel,0527,52.76666700,5.90000000,Adres
8374,Kuinre,,Steenwijkerland,Overijssel,0527,52.78333300,5.83333300,Adres
8375,Oldemarkt,,Steenwijkerland,Overijssel,0561,52.81666700,5.96666700,Adres + Postbus
8376,Ossenzijl,OSSENZYL,Steenwijkerland,Overijssel,0561,52.80000000,5.91666700,Adres
8377,Kalenberg,,Steenwijkerland,Overijssel,0561,52.77670000,5.95420000,Adres
8378,Paasloo,,Steenwijkerland,Overijssel,0561,52.81666700,6.01666700,Adres
8381,Vledder,,Westerveld,Drenthe,0521,52.85000000,6.21666700,Adres
8382,Frederiksoord,,Westerveld,Drenthe,0521,52.85000000,6.18333300,Adres
8383,Nijensleek,NYENSLEEK,Westerveld,Drenthe,0521,52.83333300,6.16666700,Adres
8384,Wilhelminaoord,,Westerveld,Drenthe,0521,52.86666700,6.16666700,Adres
8385,Vledderveen,,Westerveld,Drenthe,0521,52.98750000,7.00690000,Adres
8386,Doldersum,,Westerveld,Drenthe,0521,52.88333300,6.25000000,Adres
8387,Boschoord,,Westerveld,Drenthe,0561,52.90000000,6.23333300,Adres
8388,Oosterstreek,,Weststellingwerf,Friesland,0561,52.91666700,6.16666700,Adres
8389,Zandhuizen,,Weststellingwerf,Friesland,0561,52.91666700,6.16666700,Adres
8390,Noordwolde,,Weststellingwerf,Friesland,0561,52.90000000,6.15000000,Postbus
8391,Noordwolde,,Weststellingwerf,Friesland,0561,52.90000000,6.15000000,Adres
8392,Boijl,,Weststellingwerf,Friesland,0561,52.91666700,6.20000000,Adres
8393,Vinkega,,Weststellingwerf,Friesland,0561,52.86666700,6.11666700,Adres
8394,De Hoeve,,Weststellingwerf,Friesland,0561,52.88333300,6.08333300,Adres
8395,Steggerda,,Weststellingwerf,Friesland,0561,52.85000000,6.06666700,Adres
8396,Peperga,,Weststellingwerf,Friesland,0561,52.83333300,6.08333300,Adres
8397,De Blesse,,Weststellingwerf,Friesland,0561,52.83333300,6.05000000,Adres
8398,Blesdijke,BLESDYKE,Weststellingwerf,Friesland,0561,52.83333300,6.01666700,Adres
8400,Gorredijk,GORREDYK,Opsterland,Friesland,0513,53.00000000,6.06666700,Postbus
8401,Gorredijk,GORREDYK,Opsterland,Friesland,0513,53.00000000,6.06666700,Adres
8403,Jonkerslân,Jonkersland,Opsterland,Friesland,0513,52.97564000,6.04255000,Adres
8404,Langezwaag,,Opsterland,Friesland,0513,52.98333300,6.00000000,Adres
8405,Luxwoude,,Opsterland,Friesland,0513,53.00000000,5.98333300,Adres
8406,Tijnje,TYNJE,Opsterland,Friesland,0513,53.03333300,6.00000000,Adres
8407,Terwispel,,Opsterland,Friesland,0513,53.01666700,6.05000000,Adres
8408,Lippenhuizen,,Opsterland,Friesland,0513,53.01666700,6.10000000,Adres
8409,Hemrik,,Opsterland,Friesland,0516,53.03333300,6.13333300,Adres
8410,Jubbega,,Heerenveen,Friesland,0516,52.96666700,6.11666700,Postbus
8411,Jubbega,,Heerenveen,Friesland,0516,52.96666700,6.11666700,Adres
8412,Hoornsterzwaag,,Heerenveen,Friesland,0516,53.00000000,6.16666700,Adres
8413,Oudehorne,,Heerenveen,Friesland,0513,52.96666700,6.06666700,Adres
8414,Nieuwehorne,,Heerenveen,Friesland,0513,52.95000000,6.05000000,Adres + Postbus
8415,Bontebok,,Heerenveen,Friesland,0513,52.96666700,6.01666700,Adres
8420,Oldeberkoop,,Ooststellingwerf,Friesland,0516,52.95000000,6.13333300,Postbus
8421,Oldeberkoop,,Ooststellingwerf,Friesland,0516,52.95000000,6.13333300,Adres
8422,Nijeberkoop,NYEBERKOOP,Ooststellingwerf,Friesland,0516,52.95000000,6.18333300,Adres
8423,Makkinga,,Ooststellingwerf,Friesland,0516,52.98333300,6.21666700,Adres
8424,Elsloo,,Ooststellingwerf,Friesland,0561,52.94270000,6.23820000,Adres
8425,Langedijke,LANGEDYKE,Ooststellingwerf,Friesland,0516,52.95000000,6.28333300,Adres
8426,Appelscha,,Ooststellingwerf,Friesland,0516,52.95000000,6.36666700,Adres + Postbus
8427,Ravenswoud,,Ooststellingwerf,Friesland,0516,52.96666700,6.38333300,Adres
8428,Fochteloo,,Ooststellingwerf,Friesland,0516,52.98333300,6.33333300,Adres
8430,Oosterwolde,Oosterwolde Fr,Ooststellingwerf,Friesland,0516,52.99131700,6.29203500,Postbus
8431,Oosterwolde,Oosterwolde Fr,Ooststellingwerf,Friesland,0516,52.99131700,6.29203500,Adres + Postbus
8432,Haule,,Ooststellingwerf,Friesland,0516,53.03333300,6.30000000,Adres
8433,Haulerwijk,HAULERWYK,Ooststellingwerf,Friesland,0516,53.06666700,6.33333300,Adres + Postbus
8434,Waskemeer,,Ooststellingwerf,Friesland,0516,53.05000000,6.28333300,Adres + Postbus
8435,Donkerbroek,,Ooststellingwerf,Friesland,0516,53.01666700,6.23333300,Adres
8437,Zorgvlied,,Westerveld,Drenthe,0521,52.91666700,6.25000000,Adres
8438,Wateren,,Westerveld,Drenthe,0521,52.91666700,6.28333300,Adres
8439,Oude Willem,,Westerveld,Drenthe,0521,52.89500000,6.31152000,Adres
8440,Heerenveen,,Heerenveen,Friesland,0513,52.95000000,5.93333300,Postbus
8441,Heerenveen,,Heerenveen,Friesland,0513,52.95000000,5.93333300,Adres
8442,Heerenveen,,Heerenveen,Friesland,0513,52.95000000,5.93333300,Adres
8443,Heerenveen,,Heerenveen,Friesland,0513,52.95000000,5.93333300,Adres
8444,Heerenveen,,Heerenveen,Friesland,0513,52.95000000,5.93333300,Adres
8445,Heerenveen,,Heerenveen,Friesland,0513,52.95000000,5.93333300,Adres
8446,Heerenveen,,Heerenveen,Friesland,0513,52.95000000,5.93333300,Adres
8447,Heerenveen,,Heerenveen,Friesland,0513,52.95000000,5.93333300,Adres
8448,Heerenveen,,Heerenveen,Friesland,0513,52.95000000,5.93333300,Adres
8449,Terband,,Heerenveen,Friesland,0513,52.98333300,5.91666700,Adres
8451,Oudeschoot,,Heerenveen,Friesland,0513,52.93333300,5.96666700,Adres
8452,Nieuweschoot,,Heerenveen,Friesland,0513,52.93333300,5.93333300,Adres
8453,Oranjewoud,,Heerenveen,Friesland,0513,52.93333300,5.96666700,Adres
8454,Mildam,,Heerenveen,Friesland,0513,52.93333300,6.00000000,Adres
8455,Katlijk,KATLYK,Heerenveen,Friesland,0513,52.95000000,6.05000000,Adres
8456,De Knipe,,Heerenveen,Friesland,0513,52.96666700,5.98333300,Adres
8457,Gersloot,,Heerenveen,Friesland,0513,53.00000000,5.96666700,Adres
8458,Tjalleberd,,Heerenveen,Friesland,0513,53.00000000,5.95000000,Adres
8459,Luinjeberd,,Heerenveen,Friesland,0513,52.98333300,5.91666700,Adres
8461,Rottum,,Skarsterlân,Friesland,0513,52.93330000,5.90000000,Adres
8462,Rotstergaast,,Skarsterlân,Friesland,0513,52.90000000,5.90000000,Adres
8463,Rotsterhaule,,Skarsterlân,Friesland,0513,52.93333300,5.85000000,Adres
8464,Sintjohannesga,SINT JOHANNESGA,Skarsterlân,Friesland,0513,52.91666670,5.85000000,Adres
8465,Oudehaske,,Skarsterlân,Friesland,0513,52.95000000,5.86666700,Adres
8466,Nijehaske,NYEHASKE,Skarsterlân,Friesland,0513,52.96666700,5.90000000,Adres
8467,Vegelinsoord,,Skarsterlân,Friesland,0513,53.00000000,5.86666700,Adres
8468,Haskerdijken,HASKERDYKEN,Skarsterlân,Friesland,0513,53.00000000,5.86666700,Adres
8469,Nieuwebrug,,Skarsterlân,Friesland,0513,52.48920000,6.42360000,Adres
8470,Wolvega,,Weststellingwerf,Friesland,0561,52.88333300,6.00000000,Postbus
8471,Wolvega,,Weststellingwerf,Friesland,0561,52.88333300,6.00000000,Adres
8472,Wolvega,,Weststellingwerf,Friesland,0561,52.88333300,6.00000000,Adres
8474,Oldeholtpade,,Weststellingwerf,Friesland,0561,52.90000000,6.05000000,Adres
8475,Nijeholtpade,NYEHOLTPADE,Weststellingwerf,Friesland,0561,52.91666700,6.08333300,Adres
8476,Ter Idzard,,Weststellingwerf,Friesland,0561,52.90000000,6.03333300,Adres
8477,Oldeholtwolde,,Weststellingwerf,Friesland,0561,52.90000000,6.01666700,Adres
8478,Sonnega,,Weststellingwerf,Friesland,0561,52.86666700,5.96666700,Adres
8479,Oldetrijne,OLDETRYNE,Weststellingwerf,Friesland,0561,52.86666700,5.95000000,Adres
8481,Nijetrijne,,Weststellingwerf,Friesland,0561,52.85000000,5.91666700,Adres
8482,Spanga,,Weststellingwerf,Friesland,0561,52.81666700,5.90000000,Adres
8483,Scherpenzeel,,Weststellingwerf,Friesland,0561,52.85280000,5.90740000,Adres
8484,Langelille,,Weststellingwerf,Friesland,0561,52.85000000,5.85000000,Adres
8485,Munnekeburen,,Weststellingwerf,Friesland,0561,52.85000000,5.88333300,Adres
8486,Oldelamer,,Weststellingwerf,Friesland,0561,52.86666700,5.88333300,Adres
8487,Nijelamer,NYELAMER,Weststellingwerf,Friesland,0561,52.88333300,5.96666700,Adres
8488,Nijeholtwolde,NYEHOLTWOLDE,Weststellingwerf,Friesland,0561,52.88333300,5.98333300,Adres
8489,Slijkenburg,SLYKENBURG,Weststellingwerf,Friesland,0527,52.81666700,5.85000000,Adres
8490,Akkrum,,Boarnsterhim,Friesland,0566,53.05000000,5.83333300,Postbus
8491,Akkrum,,Boarnsterhim,Friesland,0566,53.05000000,5.83333300,Adres
8493,Terherne,TERHORNE,Boarnsterhim,Friesland,0566,53.03333330,5.78333330,Adres + Postbus
8494,Nes,,Boarnsterhim,Friesland,0566,53.05230000,5.84800000,Adres
8495,Aldeboarn,OLDEBOORN,Boarnsterhim,Friesland,0566,53.05000000,5.90000000,Adres
8497,Goëngahuizen,GOENGAHUIZEN,Smallingerland,Friesland,0566,53.08333330,5.88333330,Adres
8500,Joure,,Skarsterlân,Friesland,0513,52.96666700,5.78333300,Postbus
8501,Joure,,Skarsterlân,Friesland,0513,52.96666700,5.78333300,Adres
8502,Joure,,Skarsterlân,Friesland,0513,52.96666700,5.78333300,Adres
8503,Joure,,Skarsterlân,Friesland,0513,52.96666700,5.78333300,Adres
8505,Snikzwaag,,Skarsterlân,Friesland,0513,52.98333300,5.78333300,Adres
8506,Haskerhorne,,Skarsterlân,Friesland,0513,52.95000000,5.83333300,Adres
8507,Rohel,,Skarsterlân,Friesland,0513,52.95340000,5.80770000,Adres
8508,Delfstrahuizen,,Lemsterland,Friesland,0514,52.88333300,5.83333300,Adres
8511,Goingarijp,GOINGARYP,Skarsterlân,Friesland,0566,53.01666700,5.76666700,Adres
8512,Broek,,Skarsterlân,Friesland,0513,52.94140000,5.78610000,Adres
8513,Ouwsterhaule,,Skarsterlân,Friesland,0513,52.93333300,5.81666700,Adres
8514,Ouwster-Nijega,OUWSTER NYEGA,Skarsterlân,Friesland,0513,52.93333300,5.80000000,Adres
8515,Oldeouwer,,Skarsterlân,Friesland,0513,52.91666700,5.80000000,Adres
8516,Doniaga,,Skarsterlân,Friesland,0513,52.90000000,5.75000000,Adres
8517,Scharsterbrug,,Skarsterlân,Friesland,0513,52.95000000,5.78333300,Adres
8520,Sint Nicolaasga,ST NICOLAASGA,Skarsterlân,Friesland,0513,52.91666700,5.75000000,Postbus
8521,Sint Nicolaasga,ST NICOLAASGA,Skarsterlân,Friesland,0513,52.91666700,5.75000000,Adres
8522,Tjerkgaast,,Skarsterlân,Friesland,0514,52.90000000,5.68333300,Adres
8523,Idskenhuizen,,Skarsterlân,Friesland,0513,52.93333300,5.71666700,Adres
8524,Teroele,,Skarsterlân,Friesland,0513,52.93333300,5.70000000,Adres
8525,Langweer,,Skarsterlân,Friesland,0513,52.96666700,5.71666700,Adres
8526,Boornzwaag,,Skarsterlân,Friesland,0513,52.88333300,5.56666700,Adres
8527,Legemeer,,Skarsterlân,Friesland,0513,52.93333300,5.73333300,Adres
8528,Dijken,DYKEN,Skarsterlân,Friesland,0513,52.95090000,5.70940000,Adres
8529,Koufurderrige,,Wymbritseradiel,Friesland,0514,52.95000000,5.65000000,Adres
8530,Lemmer,,Lemsterland,Friesland,0514,52.85000000,5.71666700,Postbus
8531,Lemmer,,Lemsterland,Friesland,0514,52.85000000,5.71666700,Adres
8532,Lemmer,,Lemsterland,Friesland,0514,52.85000000,5.71666700,Adres
8534,Eesterga,,Lemsterland,Friesland,0514,52.86666700,5.73333300,Adres
8535,Follega,,Lemsterland,Friesland,0514,52.88333300,5.73333300,Adres
8536,Oosterzee,,Lemsterland,Friesland,0514,52.86666700,5.76666700,Adres
8537,Echten,,Lemsterland,Friesland,0514,52.86666700,5.80000000,Adres
8538,Bantega,,Lemsterland,Friesland,0514,52.83333300,5.80000000,Adres
8539,Echtenerbrug,,Lemsterland,Friesland,0514,52.86666700,5.81666700,Adres
8541,Akmarijp,AKMARYP,Skarsterlân,Friesland,0566,53.00000000,5.78333300,Adres
8542,Terkaple,,Skarsterlân,Friesland,0566,53.01666700,5.78333300,Adres
8551,Woudsend,,Wymbritseradiel,Friesland,0514,52.95000000,5.63333300,Adres
8552,Smallebrugge,,Wymbritseradiel,Friesland,0514,52.95000000,5.63333300,Adres
8553,Indijk,INDYK,Wymbritseradiel,Friesland,0514,52.93333300,5.40000000,Adres
8554,IJpecolsga,YPECOLSGA,Wymbritseradiel,Friesland,0514,52.93333300,5.60000000,Adres
8556,Sloten,,Gaasterlân-Sleat,Friesland,0514,52.90000000,5.65000000,Adres
8560,Balk,,Gaasterlân-Sleat,Friesland,0514,52.90000000,5.58333300,Postbus
8561,Balk,,Gaasterlân-Sleat,Friesland,0514,52.90000000,5.58333300,Adres
8563,Wijckel,WYCKEL,Gaasterlân-Sleat,Friesland,0514,52.88333300,5.63333300,Adres
8564,Ruigahuizen,,Gaasterlân-Sleat,Friesland,0514,52.88333300,5.56666700,Adres
8565,Sondel,,Gaasterlân-Sleat,Friesland,0514,52.86666700,5.60000000,Adres
8566,Nijemirdum,NYEMIRDUM,Gaasterlân-Sleat,Friesland,0514,52.85000000,5.56666700,Adres
8567,Oudemirdum,,Gaasterlân-Sleat,Friesland,0514,52.85000000,5.53333300,Adres
8571,Harich,,Gaasterlân-Sleat,Friesland,0514,52.90000000,5.56666700,Adres
8572,Rijs,,Gaasterlân-Sleat,Friesland,0514,52.86666700,5.50000000,Adres
8573,Mirns,,Gaasterlân-Sleat,Friesland,0514,52.85000000,5.46666700,Adres
8574,Bakhuizen,,Gaasterlân-Sleat,Friesland,0514,52.86666700,5.45000000,Adres
8581,Elahuizen,,Gaasterlân-Sleat,Friesland,0514,52.93333300,5.53333300,Adres
8582,Oudega,Oudega G.S.,Gaasterlân-Sleat,Friesland,0514,53.00000000,5.55000000,Adres
8583,Kolderwolde,,Gaasterlân-Sleat,Friesland,0514,52.90000000,5.51666700,Adres
8584,Hemelum,,Nijefurd,Friesland,0514,52.88333300,5.45000000,Adres
8600,Sneek,,Sneek,Friesland,0515,53.03333300,5.66666700,Postbus
8601,Sneek,,Sneek,Friesland,0515,53.03333300,5.66666700,Adres
8602,Sneek,,Sneek,Friesland,0515,53.03333300,5.66666700,Adres
8603,Sneek,,Sneek,Friesland,0515,53.03333300,5.66666700,Adres
8604,Sneek,,Sneek,Friesland,0515,53.03333300,5.66666700,Adres
8605,Sneek,,Sneek,Friesland,0515,53.03333300,5.66666700,Adres
8606,Sneek,,Sneek,Friesland,0515,53.03333300,5.66666700,Adres
8607,Sneek,,Sneek,Friesland,0515,53.03333300,5.66666700,Adres
8608,Sneek,,Sneek,Friesland,0515,53.03333300,5.66666700,Adres
8611,Gaastmeer,,Wymbritseradiel,Friesland,0515,52.96666700,5.55000000,Adres
8612,Idzega,,Wymbritseradiel,Friesland,0515,52.98333300,5.55000000,Adres
8613,Sandfirden,,Wymbritseradiel,Friesland,0515,52.98333300,5.51666700,Adres
8614,Oudega,Oudega (Wymbritseradeel),Wymbritseradiel,Friesland,0515,53.12500000,5.99890000,Adres
8615,Blauwhuis,,Wymbritseradiel,Friesland,0515,53.01666700,5.53333300,Adres
8616,Westhem,,Wymbritseradiel,Friesland,0515,53.01666700,5.55000000,Adres
8617,Abbega,,Wymbritseradiel,Friesland,0515,53.01666700,5.56666700,Adres
8618,Oosthem,,Wymbritseradiel,Friesland,0515,53.01666700,5.60000000,Adres
8621,Heeg,,Wymbritseradiel,Friesland,0515,52.96860000,5.61080000,Adres
8622,Hommerts,,Wymbritseradiel,Friesland,0515,52.98333300,5.65000000,Adres
8623,Jutrijp,JUTRYP,Wymbritseradiel,Friesland,0515,53.00000000,5.65000000,Adres
8624,Uitwellingerga,,Wymbritseradiel,Friesland,0515,53.00000000,5.70000000,Adres
8625,Oppenhuizen,,Wymbritseradiel,Friesland,0515,53.01666700,5.70000000,Adres
8626,Offingawier,,Sneek,Friesland,0515,53.03333300,5.70000000,Adres
8627,Gauw,,Wymbritseradiel,Friesland,0515,53.06666700,5.71666700,Adres
8628,Goënga,GOENGA,Wymbritseradiel,Friesland,0515,53.05000000,5.70000000,Adres
8629,Scharnegoutum,,Wymbritseradiel,Friesland,0515,53.06666700,5.68333300,Adres
8631,Loënga,LOENGA,Sneek,Friesland,0515,53.05000000,5.68333330,Adres
8632,Tirns,,Wymbritseradiel,Friesland,0515,53.06666700,5.63333300,Adres
8633,IJsbrechtum,YSBRECHTUM,Sneek,Friesland,0515,53.05000000,5.63333300,Adres
8635,Boazum,BOZUM,Littenseradiel,Friesland,0515,53.08333330,5.70000000,Adres
8636,Britswert,BRITSWERD,Littenseradiel,Friesland,058,53.11666670,5.68333330,Adres
8637,Wieuwerd,,Littenseradiel,Friesland,058,53.11666700,5.68333300,Adres
8641,Rien,,Littenseradiel,Friesland,0515,53.09480000,5.65810000,Adres
8642,Lutkewierum,,Littenseradiel,Friesland,0515,53.10000000,5.66666700,Adres
8644,Dearsum,DEERSUM,Boarnsterhim,Friesland,0515,53.08333330,5.71666670,Adres
8647,Sibrandabuorren,SYBRANDABUREN,Boarnsterhim,Friesland,0515,53.06515000,5.72186000,Adres
8650,IJlst,,Wymbritseradiel,Friesland,0515,53.01666700,5.61666700,Postbus
8651,IJlst,,Wymbritseradiel,Friesland,0515,53.01666700,5.61666700,Adres
8658,Greonterp,,Wymbritseradiel,Friesland,0515,53.01666700,5.51666700,Adres
8700,Bolsward,,Bolsward,Friesland,0515,53.06666700,5.53333300,Postbus
8701,Bolsward,,Bolsward,Friesland,0515,53.06666700,5.53333300,Adres
8702,Bolsward,,Bolsward,Friesland,0515,53.06666700,5.53333300,Adres
8710,Workum,,Nijefurd,Friesland,0515,52.98333300,5.45000000,Postbus
8711,Workum,,Nijefurd,Friesland,0515,52.98333300,5.45000000,Adres
8713,Hindeloopen,,Nijefurd,Friesland,0514,52.95000000,5.40000000,Adres
8715,Stavoren,,Nijefurd,Friesland,0514,52.86666700,5.35000000,Adres
8721,Warns,,Nijefurd,Friesland,0514,52.86666700,5.41666700,Adres
8722,Molkwerum,,Nijefurd,Friesland,0514,52.90000000,5.40000000,Adres
8723,Koudum,,Nijefurd,Friesland,0514,52.91666700,5.45000000,Adres + Postbus
8724,It Heidenskip,,Nijefurd,Friesland,0514,52.94684000,5.49057000,Adres
8730,Wommels,,Littenseradiel,Friesland,0515,53.11666700,5.58333300,Postbus
8731,Wommels,,Littenseradiel,Friesland,0515,53.11666700,5.58333300,Adres
8732,Kûbaard,KUBAARD,Littenseradiel,Friesland,0515,53.11666670,5.56666670,Adres
8733,Iens,,Littenseradiel,Friesland,0515,53.12423000,5.60983000,Adres
8734,Easterein,,Littenseradiel,Friesland,0515,53.09702000,5.61950000,Adres
8735,Itens,,Littenseradiel,Friesland,0515,53.10000000,5.65000000,Adres
8736,Reahûs,Reahus,Littenseradiel,Friesland,0515,53.08372000,5.63195000,Adres
8737,Hidaard,,Littenseradiel,Friesland,0515,53.08333300,5.60000000,Adres
8741,Hartwerd,,Wûnseradiel,Friesland,0515,53.06666700,5.56666700,Adres
8742,Burgwerd,,Wûnseradiel,Friesland,0515,53.08333300,5.55000000,Adres
8743,Hichtum,,Wûnseradiel,Friesland,0515,53.08333300,5.53333300,Adres
8744,Schettens,,Wûnseradiel,Friesland,0517,53.08333300,5.48333300,Adres
8745,Longerhouw,,Wûnseradiel,Friesland,0517,53.06666700,5.48333300,Adres
8746,Schraard,,Wûnseradiel,Friesland,0517,53.08333300,5.45000000,Adres
8747,Wons,,Wûnseradiel,Friesland,0517,53.08333300,5.41666700,Adres
8748,Witmarsum,,Wûnseradiel,Friesland,0517,53.10000000,5.46666700,Adres + Postbus
8749,Pingjum,,Wûnseradiel,Friesland,0517,53.11666700,5.43333300,Adres
8751,Zurich,,Wûnseradiel,Friesland,0517,53.11666700,5.40000000,Adres
8752,Kornwerderzand,,Wûnseradiel,Friesland,0517,53.06666700,5.33333300,Adres
8753,Cornwerd,,Wûnseradiel,Friesland,0515,53.08333300,5.40000000,Adres
8754,Makkum,,Wûnseradiel,Friesland,0515,53.10000000,5.68333300,Adres + Postbus
8755,Idsegahuizum,,Wûnseradiel,Friesland,0515,53.05000000,5.41666700,Adres
8756,Piaam,,Wûnseradiel,Friesland,0515,53.03333300,5.40000000,Adres
8757,Gaast,,Wûnseradiel,Friesland,0515,52.90000000,5.90000000,Adres
8758,Allingawier,,Wûnseradiel,Friesland,0515,53.05000000,5.45000000,Adres
8759,Exmorra,,Wûnseradiel,Friesland,0515,53.05000000,5.46666700,Adres
8761,Ferwoude,,Wûnseradiel,Friesland,0515,53.01666700,5.43333300,Adres
8762,Hieslum,,Wûnseradiel,Friesland,0515,53.01666700,5.48333300,Adres
8763,Parrega,,Wûnseradiel,Friesland,0515,53.01666700,5.48333300,Adres
8764,Dedgum,,Wûnseradiel,Friesland,0515,53.01666700,5.48333300,Adres
8765,Tjerkwerd,,Wûnseradiel,Friesland,0515,53.05000000,5.50000000,Adres
8766,Breezanddijk,BREEZANDDYK,Wûnseradiel,Friesland,0517,53.01666700,5.20000000,Adres
8771,Nijland,NYLAND,Wymbritseradiel,Friesland,0515,53.05000000,5.58333300,Adres
8772,Tjalhuizum,,Wymbritseradiel,Friesland,0515,53.05000000,5.61666700,Adres
8773,Folsgare,,Wymbritseradiel,Friesland,0515,53.03333300,5.60000000,Adres
8774,Wolsum,,Wymbritseradiel,Friesland,0515,53.03333300,5.55000000,Adres
8775,Nijhuizum,NYHUIZUM,Nijefurd,Friesland,0515,52.98333300,5.48333300,Adres
8800,Franeker,,Franekeradeel,Friesland,0517,53.20000000,5.53333300,Postbus
8801,Franeker,,Franekeradeel,Friesland,0517,53.20000000,5.53333300,Adres
8802,Franeker,,Franekeradeel,Friesland,0517,53.20000000,5.53333300,Adres
8804,Tzum,,Franekeradeel,Friesland,0517,53.15000000,5.56666700,Adres + Postbus
8805,Hitzum,,Franekeradeel,Friesland,0517,53.16666700,5.51666700,Adres
8806,Achlum,,Franekeradeel,Friesland,0517,53.15000000,5.48333300,Adres
8807,Herbaijum,HERBAYUM,Franekeradeel,Friesland,0517,53.18333300,5.50000000,Adres
8808,Dongjum,,Franekeradeel,Friesland,0517,53.21666700,5.55000000,Adres
8809,Boer,,Franekeradeel,Friesland,0517,53.21666700,5.56666700,Adres
8811,Ried,,Franekeradeel,Friesland,0517,53.23333300,5.61666700,Adres
8812,Peins,,Franekeradeel,Friesland,0517,53.20000000,5.60000000,Adres
8813,Schalsum,,Franekeradeel,Friesland,0517,53.20000000,5.56666700,Adres
8814,Zweins,,Franekeradeel,Friesland,0517,53.20000000,5.60000000,Adres
8816,Skingen,Schingen,Menaldumadeel,Friesland,0517,53.20000000,5.61666700,Adres
8821,Kimswerd,,Wûnseradiel,Friesland,0517,53.13333300,5.43333300,Adres
8822,Arum,,Wûnseradiel,Friesland,0517,53.13333300,5.48333300,Adres
8823,Lollum,,Wûnseradiel,Friesland,0517,53.13333300,5.53333300,Adres
8831,Winsum,,Littenseradiel,Friesland,0517,53.14730000,5.66530000,Adres
8832,Húns,Huns,Littenseradiel,Friesland,0517,53.16730000,5.66671000,Adres
8833,Leons,LIONS,Littenseradiel,Friesland,0517,53.15729000,5.67195000,Adres
8834,Baard,,Littenseradiel,Friesland,0517,53.15000000,5.66666700,Adres
8835,Easterlittens,OOSTERLITTENS,Littenseradiel,Friesland,0517,53.13333330,5.65000000,Adres
8841,Baaium,BAYUM,Littenseradiel,Friesland,0517,53.16058000,5.64641000,Adres
8842,Wjelsryp,WELSRYP,Littenseradiel,Friesland,0517,53.16666670,5.60000000,Adres
8843,Spannum,,Littenseradiel,Friesland,0517,53.15000000,5.61666700,Adres
8844,Hinnaard,HENNAARD,Littenseradiel,Friesland,0515,53.11760000,5.63008000,Adres
8845,Waaksens,,Littenseradiel,Friesland,0517,53.35000000,5.91666700,Adres
8851,Tzummarum,,Franekeradeel,Friesland,0518,53.23333300,5.55000000,Adres
8852,Firdgum,,Franekeradeel,Friesland,0518,53.25000000,5.56666700,Adres
8853,Klooster-Lidlum,KLOOSTER LIDLUM,Franekeradeel,Friesland,0518,53.23333300,5.51666700,Adres
8854,Oosterbierum,,Franekeradeel,Friesland,0518,53.30000000,5.51666700,Adres
8855,Sexbierum,,Franekeradeel,Friesland,0517,53.21666700,5.48333300,Adres + Postbus
8856,Pietersbierum,,Franekeradeel,Friesland,0517,53.21666700,5.48333300,Adres
8857,Wijnaldum,WYNALDUM,Harlingen,Friesland,0517,53.20000000,5.46666700,Adres
8860,Harlingen,,Harlingen,Friesland,0517,53.18333300,5.41666700,Postbus
8861,Harlingen,,Harlingen,Friesland,0517,53.18333300,5.41666700,Adres
8862,Harlingen,,Harlingen,Friesland,0517,53.18333300,5.41666700,Adres
8871,Midlum,,Harlingen,Friesland,0517,53.18333300,5.45000000,Adres
8872,Midlum,,Harlingen,Friesland,0517,53.18333300,5.45000000,Adres
8880,West-Terschelling,,Terschelling,Friesland,0562,53.36666700,5.21666700,Postbus
8881,West-Terschelling,,Terschelling,Friesland,0562,53.36666700,5.21666700,Adres
8882,Hee,TERSCHELLING HEE,Terschelling,Friesland,0562,53.38333300,5.25000000,Adres
8883,Kaart,,Terschelling,Friesland,0562,53.38333300,5.26666700,Adres
8884,Baaiduinen,,Terschelling,Friesland,0562,53.38333300,5.28333300,Adres
8885,Kinnum,,Terschelling,Friesland,0562,53.38333300,5.28333300,Adres
8891,Midsland,Terschelling Midsland,Terschelling,Friesland,0562,53.38333300,5.28333300,Adres
8892,Seerijp,ZEERYP;Seeryp,Terschelling,Friesland,0562,53.38333300,5.30000000,Adres
8893,Landerum,,Terschelling,Friesland,0562,53.38333300,5.30000000,Adres
8894,Formerum,,Terschelling,Friesland,0562,53.38333300,5.31666700,Adres
8895,Lies,,Terschelling,Friesland,0562,53.39477000,5.32927000,Adres
8896,Hoorn,Terschelling Hoorn,Terschelling,Friesland,0562,53.38570000,5.30330000,Adres
8897,Oosterend,Terschelling Oosterend,Terschelling,Friesland,0562,53.38570000,5.30330000,Adres
8899,Vlieland,,Vlieland,Friesland,0562,53.25833333,4.95583333,Adres + Postbus
8900,Leeuwarden,,Leeuwarden,Friesland,058,53.20000000,5.78333300,Adres + Postbus
8901,Leeuwarden,,Leeuwarden,Friesland,058,53.20000000,5.78333300,Postbus
8902,Leeuwarden,,Leeuwarden,Friesland,058,53.20000000,5.78333300,Postbus
8903,Leeuwarden,,Leeuwarden,Friesland,058,53.20000000,5.78333300,Postbus
8911,Leeuwarden,,Leeuwarden,Friesland,058,53.20000000,5.78333300,Adres
8912,Leeuwarden,,Leeuwarden,Friesland,058,53.20000000,5.78333300,Adres
8913,Leeuwarden,,Leeuwarden,Friesland,058,53.20000000,5.78333300,Adres
8914,Leeuwarden,,Leeuwarden,Friesland,058,53.20000000,5.78333300,Adres
8915,Leeuwarden,,Leeuwarden,Friesland,058,53.20000000,5.78333300,Adres
8916,Leeuwarden,,Leeuwarden,Friesland,058,53.20000000,5.78333300,Adres
8917,Leeuwarden,,Leeuwarden,Friesland,058,53.20000000,5.78333300,Adres
8918,Leeuwarden,,Leeuwarden,Friesland,058,53.20000000,5.78333300,Adres
8919,Leeuwarden,,Leeuwarden,Friesland,058,53.20000000,5.78333300,Adres
8921,Leeuwarden,,Leeuwarden,Friesland,058,53.20000000,5.78333300,Adres
8922,Leeuwarden,,Leeuwarden,Friesland,058,53.20000000,5.78333300,Adres
8923,Leeuwarden,,Leeuwarden,Friesland,058,53.20000000,5.78333300,Adres
8924,Leeuwarden,,Leeuwarden,Friesland,058,53.20000000,5.78333300,Adres
8925,Leeuwarden,,Leeuwarden,Friesland,058,53.20000000,5.78333300,Adres
8926,Leeuwarden,,Leeuwarden,Friesland,058,53.20000000,5.78333300,Adres
8927,Leeuwarden,,Leeuwarden,Friesland,058,53.20000000,5.78333300,Adres
8931,Leeuwarden,,Leeuwarden,Friesland,058,53.20000000,5.78333300,Adres
8932,Leeuwarden,,Leeuwarden,Friesland,058,53.20000000,5.78333300,Adres
8933,Leeuwarden,,Leeuwarden,Friesland,058,53.20000000,5.78333300,Adres
8934,Leeuwarden,,Leeuwarden,Friesland,058,53.20000000,5.78333300,Adres
8935,Leeuwarden,,Leeuwarden,Friesland,058,53.20000000,5.78333300,Adres
8936,Leeuwarden,,Leeuwarden,Friesland,058,53.20000000,5.78333300,Adres
8937,Leeuwarden,,Leeuwarden,Friesland,058,53.20000000,5.78333300,Adres
8938,Leeuwarden,,Leeuwarden,Friesland,058,53.20000000,5.78333300,Adres
8939,Leeuwarden,,Leeuwarden,Friesland,058,53.20000000,5.78333300,Adres
8941,Leeuwarden,,Leeuwarden,Friesland,058,53.20000000,5.78333300,Adres
9000,Grou,GROUW,Boarnsterhim,Friesland,0566,53.10000000,5.83333330,Postbus
9001,Grou,GROUW,Boarnsterhim,Friesland,0566,53.10000000,5.83333330,Adres
9003,Warten,WARTENA,Boarnsterhim,Friesland,058,53.15047000,5.89699000,Adres
9004,Warstiens,,Boarnsterhim,Friesland,058,53.16666700,5.86666700,Adres
9005,Wergea,WARGA,Boarnsterhim,Friesland,058,53.15031000,5.84548000,Adres
9006,Eagum,AEGUM,Boarnsterhim,Friesland,058,53.13705000,5.84200000,Adres
9007,Idaerd,IDAARD,Boarnsterhim,Friesland,0566,53.11666670,5.80000000,Adres
9008,Reduzum,,Boarnsterhim,Friesland,0566,53.11628000,5.78585000,Adres
9009,Friens,,Boarnsterhim,Friesland,0566,53.10000000,5.80000000,Adres
9011,Jirnsum,IRNSUM,Boarnsterhim,Friesland,0566,53.07777000,5.79157000,Adres
9012,Raerd,RAUWERD,Boarnsterhim,Friesland,0566,53.10000000,5.75000000,Adres
9013,Poppenwier,POPPINGAWIER,Boarnsterhim,Friesland,0566,53.08333330,5.75000000,Adres
9014,Tersoal,,Boarnsterhim,Friesland,0515,53.07236000,5.74160000,Adres
9021,Easterwierrum,OOSTERWIERUM;Easterwierum,Littenseradiel,Friesland,058,53.11002000,5.73240000,Adres
9022,Mantgum,,Littenseradiel,Friesland,058,53.13333300,5.71666700,Adres
9023,Jorwert,JORWERD,Littenseradiel,Friesland,058,53.15000000,5.71666670,Adres
9024,Weidum,,Littenseradiel,Friesland,058,53.15000000,5.75000000,Adres
9025,Bears,,Littenseradiel,Friesland,058,53.15683000,5.73907000,Adres
9026,Jellum,,Littenseradiel,Friesland,058,53.16666700,5.75000000,Adres
9027,Hilaard,HYLAARD,Littenseradiel,Friesland,058,53.16666700,5.70000000,Adres
9031,Boksum,,Menaldumadeel,Friesland,058,53.18333300,5.73333300,Adres
9032,Blessum,,Menaldumadeel,Friesland,058,53.18333300,5.70000000,Adres
9033,Deinum,,Menaldumadeel,Friesland,058,53.20000000,5.71666700,Adres
9034,Marsum,Marssum,Menaldumadeel,Friesland,058,53.21666700,5.73333300,Adres
9035,Dronryp,Dronrijp,Menaldumadeel,Friesland,0517,53.20000000,5.65000000,Adres + Postbus
9036,Menaam,Menaldum,Menaldumadeel,Friesland,0518,53.21666700,5.66666700,Adres
9037,Slappeterp,,Menaldumadeel,Friesland,0518,53.21666700,5.61666700,Adres
9038,Ingelum,Engelum,Menaldumadeel,Friesland,058,53.23333300,5.71666700,Adres
9040,Berltsum,Berlikum Fr;Berlikum,Menaldumadeel,Friesland,0518,53.24305556,5.65138889,Postbus
9041,Berltsum,Berlikum Fr;Berlikum,Menaldumadeel,Friesland,0518,53.24305556,5.65138889,Adres
9043,Wier,,Menaldumadeel,Friesland,0518,53.25000000,5.63333300,Adres
9044,Bitgum,Beetgum,Menaldumadeel,Friesland,058,53.23333300,5.68333300,Adres
9045,Bitgummole,Beetgumermolen,Menaldumadeel,Friesland,058,53.23333300,5.70000000,Adres
9047,Minnertsga,,het Bildt,Friesland,0518,53.25000000,5.60000000,Adres
9050,Stiens,,Leeuwarderadeel,Friesland,058,53.26666700,5.76666700,Postbus
9051,Stiens,,Leeuwarderadeel,Friesland,058,53.26666700,5.76666700,Adres
9053,Feinsum,Finkum,Leeuwarderadeel,Friesland,058,53.28333300,5.75000000,Adres
9054,Hijum,,Leeuwarderadeel,Friesland,0518,53.30000000,5.76666700,Adres
9055,Britsum,,Leeuwarderadeel,Friesland,058,53.25000000,5.78333300,Adres
9056,Koarnjum,Cornjum,Leeuwarderadeel,Friesland,058,53.25000000,5.78333300,Adres
9057,Jelsum,,Leeuwarderadeel,Friesland,058,53.23333300,5.78333300,Adres
9061,Gytsjerk,GIEKERK,Tytsjerksteradiel,Friesland,058,53.23333330,5.88333330,Adres
9062,Oentsjerk,OENKERK,Tytsjerksteradiel,Friesland,058,53.25000000,5.90000000,Adres + Postbus
9063,Mûnein,Molenend;Munein,Tytsjerksteradiel,Friesland,058,53.25164000,5.91874000,Adres
9064,Aldtsjerk,Oudkerk,Tytsjerksteradiel,Friesland,058,53.26134000,5.90282000,Adres
9067,Readtsjerk,Roodkerk,Dantumadiel,Friesland,058,53.26666700,5.91666700,Adres
9071,Alde Leie,OUDE LEYE;Oude Leije,Leeuwarderadeel,Friesland,0518,53.30000000,5.73333300,Adres
9072,Alde Leie,OUDE LEYE;Oude Leije,Leeuwarderadeel,Friesland,0518,53.30000000,5.73333300,Adres
9073,Marrum,,Ferwerderadiel,Friesland,0518,53.33333300,5.80000000,Adres + Postbus
9074,Hallum,,Ferwerderadiel,Friesland,0518,53.31666700,5.78333300,Adres + Postbus
9075,Westhoek,,het Bildt,Friesland,0518,53.27138889,5.55777778,Adres
9076,Sint Annaparochie,ST ANNAPAROCHIE,het Bildt,Friesland,0518,53.27646000,5.65707000,Adres + Postbus
9077,Vrouwenparochie,,het Bildt,Friesland,0518,53.28333300,5.70000000,Adres
9078,Oude Bildtzijl,OUDE BILDTZYL,het Bildt,Friesland,0518,53.30000000,5.71666700,Adres
9079,Sint Jacobiparochie,ST JACOBIPAROCHIE,het Bildt,Friesland,0518,53.26666670,5.60000000,Adres
9081,Lekkum,,Leeuwarden,Friesland,058,53.23333300,5.81666700,Adres
9082,Miedum,,Leeuwarden,Friesland,058,53.23550000,5.83850000,Adres
9083,Snakkerburen,,Leeuwarden,Friesland,058,53.21666700,5.80000000,Adres
9084,Goutum,,Leeuwarden,Friesland,058,53.18333300,5.80000000,Adres
9085,Teerns,,Leeuwarden,Friesland,058,53.18333300,5.83333300,Adres
9086,Hempens,,Leeuwarden,Friesland,058,53.18333300,5.83333300,Adres
9087,Swichum,,Leeuwarden,Friesland,058,53.15000000,5.81666700,Adres
9088,Wirdum,,Leeuwarden,Friesland,058,53.14972222,5.80388889,Adres
9089,Wytgaard,,Leeuwarden,Friesland,058,53.15000000,5.80000000,Adres
9091,Wyns,,Tytsjerksteradiel,Friesland,058,53.25000000,5.83333300,Adres
9100,Dokkum,,Dongeradeel,Friesland,0519,53.33333300,6.00000000,Postbus
9101,Dokkum,,Dongeradeel,Friesland,0519,53.33333300,6.00000000,Adres
9102,Dokkum,,Dongeradeel,Friesland,0519,53.33333300,6.00000000,Adres
9103,Dokkum,,Dongeradeel,Friesland,0519,53.33333300,6.00000000,Adres
9104,Damwâld,Damwoude,Dantumadiel,Friesland,0511,53.28333300,6.00000000,Adres + Postbus
9105,Rinsumageast,Rinsumageest,Dantumadiel,Friesland,0511,53.30000000,5.95000000,Adres
9106,Sibrandahûs,SYBRANDAHUIS;Sijbrandahuis,Dantumadiel,Friesland,0519,53.31666700,5.96666700,Adres
9107,Jannum,JANUM,Ferwerderadiel,Friesland,0519,53.31666670,5.90000000,Adres
9108,Broeksterwâld,Broeksterwoude,Dantumadiel,Friesland,0511,53.26666700,6.00000000,Adres
9109,De Falom,De Valom,Dantumadiel,Friesland,0511,53.26666700,6.01666700,Adres
9111,Burdaard,BIRDAARD,Ferwerderadiel,Friesland,0519,53.29670000,5.87826000,Adres
9112,Burdaard,BIRDAARD,Ferwerderadiel,Friesland,0519,53.29167000,5.87611000,Adres
9113,Wâlterswâld,Wouterswoude,Dantumadiel,Friesland,0511,53.30000000,6.03333300,Adres
9114,Driezum,Driesum,Dantumadiel,Friesland,0511,53.30000000,6.05000000,Adres
9121,Aalsum,AALZUM,Dongeradeel,Friesland,0519,53.33920000,6.00330000,Adres
9122,Wetsens,WETZENS,Dongeradeel,Friesland,0519,53.35000000,6.03333300,Adres
9123,Metslawier,,Dongeradeel,Friesland,0519,53.36666700,6.06666700,Adres
9124,Jouswier,,Dongeradeel,Friesland,0519,53.35000000,6.05000000,Adres
9125,Oostrum,,Dongeradeel,Friesland,0519,53.33333300,6.06666700,Adres
9131,Ee,,Dongeradeel,Friesland,0519,53.33333300,6.10000000,Adres
9132,Engwierum,,Dongeradeel,Friesland,0511,53.31666700,6.13333300,Adres
9133,Anjum,,Dongeradeel,Friesland,0519,53.36666700,6.13333300,Adres + Postbus
9134,Lioessens,,Dongeradeel,Friesland,0519,53.38333300,6.08333300,Adres
9135,Morra,,Dongeradeel,Friesland,0519,53.37320000,6.08900000,Adres
9136,Paesens,,Dongeradeel,Friesland,0519,53.40000000,6.08333300,Adres
9137,Oosternijkerk,OOSTERNYKERK,Dongeradeel,Friesland,0519,53.38333300,6.05000000,Adres
9138,Niawier,,Dongeradeel,Friesland,0519,53.36666700,6.05000000,Adres
9141,Wierum,,Dongeradeel,Friesland,0519,53.40000000,6.01666700,Adres
9142,Moddergat,,Dongeradeel,Friesland,0519,53.40000000,6.08333300,Adres
9143,Nes,,Dongeradeel,Friesland,0566,53.44500000,5.77400000,Adres
9144,Hantumhuizen,,Dongeradeel,Friesland,0519,53.36666700,6.00000000,Adres
9145,Ternaard,,Dongeradeel,Friesland,0519,53.38333300,5.96666700,Adres
9146,Hantumeruitburen,,Dongeradeel,Friesland,0519,53.36666700,6.00000000,Adres
9147,Hantum,,Dongeradeel,Friesland,0519,53.36666700,5.96666700,Adres
9148,Hiaure,,Dongeradeel,Friesland,0519,53.35000000,5.96666700,Adres
9151,Holwerd,,Dongeradeel,Friesland,0519,53.36666700,5.90000000,Adres
9152,Waaxens,,Dongeradeel,Friesland,0519,53.35500000,5.92130000,Adres
9153,Brantgum,,Dongeradeel,Friesland,0519,53.35000000,5.93333300,Adres
9154,Foudgum,,Dongeradeel,Friesland,0519,53.35000000,5.95000000,Adres
9155,Raard,,Dongeradeel,Friesland,0519,53.33333300,5.95000000,Adres
9156,Bornwird,,Dongeradeel,Friesland,0519,53.33333300,5.96666700,Adres
9160,Hollum,,Ameland,Friesland,0519,53.41666700,5.63333300,Postbus
9161,Hollum,,Ameland,Friesland,0519,53.41666700,5.63333300,Adres
9162,Ballum,,Ameland,Friesland,0519,53.45000000,5.68333300,Adres
9163,Nes,NES AMELAND,Ameland,Friesland,0519,53.45000000,5.75000000,Adres + Postbus
9164,Buren,,Ameland,Friesland,0519,53.44720000,5.79910000,Adres
9166,Schiermonnikoog,,Schiermonnikoog,Friesland,0519,53.48333300,6.21666700,Adres + Postbus
9171,Blije,Blija,Ferwerderadiel,Friesland,0519,53.35000000,5.86666670,Adres
9172,Ferwert,FERWERD,Ferwerderadiel,Friesland,0518,53.33333330,5.83333330,Adres + Postbus
9173,Hegebeintum,HOGEBEINTUM,Ferwerderadiel,Friesland,0518,53.33099000,5.85455000,Adres
9174,Ginnum,GENUM,Ferwerderadiel,Friesland,0519,53.32879000,5.86961000,Adres
9175,Reitsum,,Ferwerderadiel,Friesland,0519,53.31666700,5.90000000,Adres
9176,Lichtaard,,Ferwerderadiel,Friesland,0519,53.33333300,5.91666700,Adres
9177,Jislum,,Ferwerderadiel,Friesland,0519,53.31666700,5.88333300,Adres
9178,Wânswert,WANSWERD,Ferwerderadiel,Friesland,0519,53.30000000,5.85000000,Adres
9200,Drachten,,Smallingerland,Friesland,0512,53.10000000,6.10000000,Postbus
9201,Drachten,,Smallingerland,Friesland,0512,53.10000000,6.10000000,Adres
9202,Drachten,,Smallingerland,Friesland,0512,53.10000000,6.10000000,Adres
9203,Drachten,,Smallingerland,Friesland,0512,53.10000000,6.10000000,Adres
9204,Drachten,,Smallingerland,Friesland,0512,53.10000000,6.10000000,Adres
9205,Drachten,,Smallingerland,Friesland,0512,53.10000000,6.10000000,Adres
9206,Drachten,,Smallingerland,Friesland,0512,53.10000000,6.10000000,Adres
9207,Drachten,,Smallingerland,Friesland,0512,53.10000000,6.10000000,Adres
9211,Kortehemmen,,Smallingerland,Friesland,0512,53.06666700,6.08333300,Adres
9212,Boornbergum,,Smallingerland,Friesland,0512,53.08333300,6.05000000,Adres
9213,De Wilgen,,Smallingerland,Friesland,0512,53.10000000,6.03333300,Adres
9214,Smalle Ee,,Smallingerland,Friesland,0512,53.10000000,6.03333300,Adres
9215,De Veenhoop,,Smallingerland,Friesland,0512,53.10000000,5.95000000,Adres
9216,Oudega,Oudega (Smallingerland);Aldegea,Smallingerland,Friesland,0512,53.12347000,5.99227000,Adres + Postbus
9217,Nijega,NYEGA,Smallingerland,Friesland,0512,53.13333300,6.01666700,Adres
9218,Opeinde,,Smallingerland,Friesland,0512,53.13333300,6.06666700,Adres
9219,De Tike,,Smallingerland,Friesland,0512,53.15000000,6.05000000,Adres
9221,Rottevalle,,Smallingerland,Friesland,0512,53.15000000,6.10000000,Adres
9222,Drachtstercompagnie,DRACHTSTERCOMPAGN,Smallingerland,Friesland,0512,53.13333300,6.13333300,Adres
9223,Houtigehage,,Smallingerland,Friesland,0512,53.15000000,6.13333300,Adres
9230,Surhuisterveen,,Achtkarspelen,Friesland,0512,53.18333300,6.16666700,Postbus
9231,Surhuisterveen,,Achtkarspelen,Friesland,0512,53.18333300,6.16666700,Adres
9233,Boelenslaan,,Achtkarspelen,Friesland,0512,53.16666700,6.15000000,Adres + Postbus
9240,Wijnjewoude,WYNJEWOUDE,Opsterland,Friesland,0516,53.05000000,6.18333300,Postbus
9241,Wijnjewoude,WYNJEWOUDE,Opsterland,Friesland,0516,53.05000000,6.18333300,Adres
9243,Bakkeveen,,Opsterland,Friesland,0516,53.08333300,6.25000000,Adres + Postbus
9244,Beetsterzwaag,,Opsterland,Friesland,0512,53.05000000,6.08333300,Adres + Postbus
9245,Nij Beets,NY BEETS,Opsterland,Friesland,0512,53.06666700,6.00000000,Adres
9246,Olterterp,,Opsterland,Friesland,0512,53.06666700,6.10000000,Adres
9247,Ureterp,,Opsterland,Friesland,0512,53.10000000,6.16666700,Adres + Postbus
9248,Siegerswoude,,Opsterland,Friesland,0512,53.15000000,5.96666700,Adres
9249,Frieschepalen,,Opsterland,Friesland,0512,53.11666700,6.20000000,Adres
9250,Burgum,BERGUM,Tytsjerksteradiel,Friesland,0511,53.19507000,5.99341000,Postbus
9251,Burgum,BERGUM,Tytsjerksteradiel,Friesland,0511,53.19507000,5.99341000,Adres
9254,Hurdegaryp,HARDEGARYP,Tytsjerksteradiel,Friesland,0511,53.21666670,5.95000000,Adres + Postbus
9255,Tytsjerk,TIETJERK,Tytsjerksteradiel,Friesland,0511,53.20000000,5.91666670,Adres
9256,Ryptsjerk,,Tytsjerksteradiel,Friesland,0511,53.22438000,5.91533000,Adres
9257,Noardburgum,NOORDBERGUM,Tytsjerksteradiel,Friesland,0511,53.22293000,6.00181000,Adres
9258,Jistrum,,Tytsjerksteradiel,Friesland,0512,53.21300000,6.06353000,Adres
9260,Eastermar,Oostermeer,Tytsjerksteradiel,Friesland,0512,53.17819000,6.06822000,Postbus
9261,Eastermar,Oostermeer,Tytsjerksteradiel,Friesland,0512,53.17819000,6.06822000,Adres
9262,Sumar,,Tytsjerksteradiel,Friesland,0511,53.17253000,6.00457000,Adres
9263,Garyp,,Tytsjerksteradiel,Friesland,0511,53.16666670,5.96666670,Adres
9264,Earnewâld,Eernewoude,Tytsjerksteradiel,Friesland,0511,53.13121000,5.94211000,Adres
9265,Suwâld,Suwald;Suawoude,Tytsjerksteradiel,Friesland,0511,53.18065000,5.92280000,Adres
9269,Feanwâlden,Veenwouden,Dantumadiel,Friesland,0511,53.23333300,6.00000000,Adres + Postbus
9270,De Westereen,Zwaagwesteinde,Dantumadiel,Friesland,0511,53.26666700,6.05000000,Postbus
9271,De Westereen,Zwaagwesteinde,Dantumadiel,Friesland,0511,53.26666700,6.05000000,Adres
9280,Harkema,,Achtkarspelen,Friesland,0512,53.18333300,6.13333300,Postbus
9281,Harkema,,Achtkarspelen,Friesland,0512,53.18333300,6.13333300,Adres
9283,Surhuizum,,Achtkarspelen,Friesland,0512,53.20000000,6.18333300,Adres
9284,Augustinusga,,Achtkarspelen,Friesland,0512,53.21666700,6.16666700,Adres
9285,Buitenpost,,Achtkarspelen,Friesland,0511,53.25000000,6.15000000,Adres + Postbus
9286,Twijzel,TWYZEL,Achtkarspelen,Friesland,0511,53.23333300,6.10000000,Adres
9287,Twijzelerheide,TWYZELERHEIDE,Achtkarspelen,Friesland,0511,53.25000000,6.05000000,Adres
9288,Kootstertille,,Achtkarspelen,Friesland,0512,53.21666700,6.10000000,Adres + Postbus
9289,Drogeham,,Achtkarspelen,Friesland,0512,53.20000000,6.11666700,Adres + Postbus
9290,Kollum,,Kollumerland en Nieuwkruisland,Friesland,0511,53.28333300,6.15000000,Postbus
9291,Kollum,,Kollumerland en Nieuwkruisland,Friesland,0511,53.28333300,6.15000000,Adres
9292,Augsbuurt,,Kollumerland en Nieuwkruisland,Friesland,0511,53.26666700,6.16666700,Adres
9293,Kollumerpomp,,Kollumerland en Nieuwkruisland,Friesland,0511,53.30000000,6.20000000,Adres
9294,Oudwoude,,Kollumerland en Nieuwkruisland,Friesland,0511,53.28333300,6.11666700,Adres
9295,Westergeest,,Kollumerland en Nieuwkruisland,Friesland,0511,53.30000000,6.08333300,Adres
9296,Triemen,,Kollumerland en Nieuwkruisland,Friesland,0511,53.28333300,6.10000000,Adres
9297,Veenklooster,,Kollumerland en Nieuwkruisland,Friesland,0511,53.26666700,6.10000000,Adres
9298,Kollumerzwaag,,Kollumerland en Nieuwkruisland,Friesland,0511,53.26666700,6.06666700,Adres + Postbus
9299,Zwagerbosch,,Kollumerland en Nieuwkruisland,Friesland,0511,53.23333300,6.05000000,Adres
9300,Roden,,Noordenveld,Drenthe,050,53.13333300,6.43333300,Postbus
9301,Roden,,Noordenveld,Drenthe,050,53.13333300,6.43333300,Adres
9302,Roden,,Noordenveld,Drenthe,050,53.13333300,6.43333300,Adres
9304,Lieveren,,Noordenveld,Drenthe,050,53.11666700,6.46666700,Adres
9305,Roderesch,,Noordenveld,Drenthe,050,53.11666700,6.41666700,Adres
9306,Alteveer,,Noordenveld,Drenthe,050,52.68666667,6.48000000,Adres
9307,Steenbergen,,Noordenveld,Drenthe,0592,53.10000000,6.41666700,Adres
9311,Nieuw-Roden,NIEUW RODEN,Noordenveld,Drenthe,050,53.13333300,6.40000000,Adres
9312,Nietap,,Noordenveld,Drenthe,0594,53.16666700,6.40000000,Adres
9313,Leutingewolde,,Noordenveld,Drenthe,050,53.15000000,6.43333300,Adres
9314,Foxwolde,,Noordenveld,Drenthe,050,53.15000000,6.45000000,Adres
9315,Roderwolde,,Noordenveld,Drenthe,050,53.16666700,6.46666700,Adres
9320,Peize,,Noordenveld,Drenthe,050,53.15000000,6.50000000,Postbus
9321,Peize,,Noordenveld,Drenthe,050,53.15000000,6.50000000,Adres
9330,Norg,,Noordenveld,Drenthe,0592,53.06666700,6.46666700,Postbus
9331,Norg,,Noordenveld,Drenthe,0592,53.06666700,6.46666700,Adres
9333,Langelo,,Noordenveld,Drenthe,0592,53.10000000,6.45000000,Adres
9334,Peest,,Noordenveld,Drenthe,0592,53.06666700,6.50000000,Adres
9335,Zuidvelde,,Noordenveld,Drenthe,0592,53.05000000,6.46666700,Adres
9336,Huis ter Heide,,Noordenveld,Drenthe,0592,53.01666700,6.48333300,Adres
9337,Westervelde,,Noordenveld,Drenthe,0592,53.05000000,6.43333300,Adres
9341,Veenhuizen,,Noordenveld,Drenthe,0592,53.05000000,6.40000000,Adres
9342,Een,,Noordenveld,Drenthe,0592,53.06666700,6.40000000,Adres
9343,Een West,,Noordenveld,Drenthe,0516,53.08333330,6.33333330,Adres
9350,Leek,,Leek,Groningen,0594,53.16666700,6.38333300,Postbus
9351,Leek,,Leek,Groningen,0594,53.16666700,6.38333300,Adres
9354,Zevenhuizen,,Leek,Groningen,0594,53.25000000,6.66666700,Adres
9355,Midwolde,,Leek,Groningen,0594,53.18333300,6.40000000,Adres
9356,Tolbert,,Leek,Groningen,0594,53.16666700,6.36666700,Adres + Postbus
9359,Boerakker,,Marum,Groningen,0594,53.18333300,6.33333300,Adres
9361,Boerakker,,Marum,Groningen,0594,53.18333300,6.33333300,Adres
9362,Boerakker,,Marum,Groningen,0594,53.18333300,6.33333300,Adres
9363,Marum,,Marum,Groningen,0594,53.15000000,6.26666700,Adres + Postbus
9364,Nuis,,Marum,Groningen,0594,53.15000000,6.30000000,Adres
9365,Niebert,,Marum,Groningen,0594,53.16666700,6.33333300,Adres + Postbus
9366,Jonkersvaart,,Marum,Groningen,0594,53.12920000,6.29860000,Adres
9367,De Wilp,,Marum,Groningen,0594,53.11836111,6.25588889,Adres + Postbus
9400,Assen,,Assen,Drenthe,0592,53.00000000,6.55000000,Postbus
9401,Assen,,Assen,Drenthe,0592,53.00000000,6.55000000,Adres
9402,Assen,,Assen,Drenthe,0592,53.00000000,6.55000000,Adres
9403,Assen,,Assen,Drenthe,0592,53.00000000,6.55000000,Adres
9404,Assen,,Assen,Drenthe,0592,53.00000000,6.55000000,Adres
9405,Assen,,Assen,Drenthe,0592,53.00000000,6.55000000,Adres
9406,Assen,,Assen,Drenthe,0592,53.00000000,6.55000000,Adres
9407,Assen,,Assen,Drenthe,0592,53.00000000,6.55000000,Adres
9408,Assen,,Assen,Drenthe,0592,53.00000000,6.55000000,Adres
9409,Loon,,Assen,Drenthe,0592,53.01330000,6.61250000,Adres
9410,Beilen,,Midden-Drenthe,Drenthe,0593,52.86666700,6.51666700,Postbus
9411,Beilen,,Midden-Drenthe,Drenthe,0593,52.86666700,6.51666700,Adres + Postbus
9412,Beilen,,Midden-Drenthe,Drenthe,0593,52.86666700,6.51666700,Adres
9413,Beilen,,Midden-Drenthe,Drenthe,0593,52.86666700,6.51666700,Adres
9414,Hooghalen,,Midden-Drenthe,Drenthe,0593,52.91666700,6.55000000,Adres
9415,Hijken,HYKEN,Midden-Drenthe,Drenthe,0593,52.90000000,6.50000000,Adres
9416,Oranje,,Midden-Drenthe,Drenthe,0592,52.91666700,6.45000000,Adres
9417,Spier,,Midden-Drenthe,Drenthe,0593,52.81666700,6.46666700,Adres
9418,Wijster,WYSTER,Midden-Drenthe,Drenthe,0593,52.81666700,6.51666700,Adres
9419,Drijber,DRYBER,Midden-Drenthe,Drenthe,0593,52.78333300,6.53333300,Adres
9420,Bovensmilde,,Midden-Drenthe,Drenthe,0592,52.98333300,6.48333300,Postbus
9421,Bovensmilde,,Midden-Drenthe,Drenthe,0592,52.98333300,6.48333300,Adres
9422,Smilde,,Midden-Drenthe,Drenthe,0592,52.95000000,6.45000000,Adres + Postbus
9423,Hoogersmilde,,Midden-Drenthe,Drenthe,0592,52.90000000,6.40000000,Adres
9430,Westerbork,,Midden-Drenthe,Drenthe,0593,52.85000000,6.60000000,Postbus
9431,Westerbork,,Midden-Drenthe,Drenthe,0593,52.85000000,6.60000000,Adres
9432,Zuidveld,,Midden-Drenthe,Drenthe,0593,52.93333300,7.15000000,Adres
9433,Zwiggelte,,Midden-Drenthe,Drenthe,0593,52.86666700,6.58333300,Adres
9434,Eursinge,,Midden-Drenthe,Drenthe,0593,52.83750000,6.60690000,Adres
9435,Bruntinge,,Midden-Drenthe,Drenthe,0593,52.81666700,6.58333300,Adres
9436,Mantinge,,Midden-Drenthe,Drenthe,0593,52.80000000,6.61666700,Adres
9437,Balinge,,Midden-Drenthe,Drenthe,0593,52.81666700,6.65000000,Adres
9438,Garminge,,Midden-Drenthe,Drenthe,0593,52.81666700,6.63333300,Adres
9439,Witteveen,,Midden-Drenthe,Drenthe,0593,52.81330000,6.66110000,Adres
9441,Orvelte,,Midden-Drenthe,Drenthe,0593,52.85000000,6.66666700,Adres
9442,Elp,,Midden-Drenthe,Drenthe,0593,52.88333300,6.65000000,Adres
9443,Schoonloo,,Aa en Hunze,Drenthe,0592,52.90000000,6.70000000,Adres
9444,Grolloo,,Aa en Hunze,Drenthe,0592,52.93333300,6.66666700,Adres
9445,Vredenheim,,Aa en Hunze,Drenthe,0592,52.95000000,6.65000000,Adres
9446,Amen,,Aa en Hunze,Drenthe,0592,52.93333300,6.61666700,Adres
9447,Papenvoort,,Aa en Hunze,Drenthe,0592,52.95250000,6.70280000,Adres
9448,Marwijksoord,MARWYKSOORD,Aa en Hunze,Drenthe,0592,52.96666700,6.66666700,Adres
9449,Nooitgedacht,,Aa en Hunze,Drenthe,0592,52.96830000,6.66250000,Adres
9451,Rolde,,Aa en Hunze,Drenthe,0592,52.98333300,6.65000000,Adres
9452,Nijlande,NYLANDE,Aa en Hunze,Drenthe,0592,52.96666700,6.63333300,Adres
9453,Eldersloo,,Aa en Hunze,Drenthe,0592,52.96666700,6.61666700,Adres
9454,Ekehaar,,Aa en Hunze,Drenthe,0592,52.95000000,6.60000000,Adres
9455,Geelbroek,,Aa en Hunze,Drenthe,0592,52.95000000,6.56666700,Onbekend
9456,Eleveld,,Aa en Hunze,Drenthe,0592,52.95000000,6.58333300,Adres
9457,Deurze,,Aa en Hunze,Drenthe,0592,52.98333300,6.60000000,Adres
9458,Balloo,,Aa en Hunze,Drenthe,0592,53.00000000,6.63333300,Adres
9459,Balloërveld,BALLOERVELD,Aa en Hunze,Drenthe,0592,53.02385000,6.63893000,Adres
9460,Gieten,,Aa en Hunze,Drenthe,0592,53.01666700,6.76666700,Postbus
9461,Gieten,,Aa en Hunze,Drenthe,0592,53.01666700,6.76666700,Adres
9462,Gasselte,,Aa en Hunze,Drenthe,0599,52.96666700,6.78333300,Adres
9463,Eext,,Aa en Hunze,Drenthe,0592,53.01666700,6.73333300,Adres
9464,Eexterzandvoort,,Aa en Hunze,Drenthe,0598,53.03333300,6.78333300,Adres
9465,Anderen,,Aa en Hunze,Drenthe,0592,53.00000000,6.68333300,Adres
9466,Gasteren,,Aa en Hunze,Drenthe,0592,53.03333300,6.66666700,Adres
9467,Anloo,,Aa en Hunze,Drenthe,0592,53.05000000,6.70000000,Adres
9468,Annen,,Aa en Hunze,Drenthe,0592,53.06666700,6.73333300,Adres + Postbus
9469,Schipborg,,Aa en Hunze,Drenthe,050,53.06666700,6.66666700,Adres
9470,Zuidlaren,,Tynaarlo,Drenthe,050,53.10000000,6.68333300,Adres + Postbus
9471,Zuidlaren,,Tynaarlo,Drenthe,050,53.10000000,6.68333300,Adres
9472,Zuidlaren,,Tynaarlo,Drenthe,050,53.10000000,6.68333300,Adres
9473,De Groeve,,Tynaarlo,Drenthe,050,53.11420000,6.71530000,Adres
9474,Zuidlaarderveen,,Tynaarlo,Drenthe,0598,53.10000000,6.75000000,Adres
9475,Midlaren,,Tynaarlo,Drenthe,050,53.11666700,6.68333300,Adres
9479,Noordlaren,,Haren,Groningen,050,53.13333300,6.66666700,Adres
9480,Vries,,Tynaarlo,Drenthe,0592,53.08333300,6.58333300,Postbus
9481,Vries,,Tynaarlo,Drenthe,0592,53.08333300,6.58333300,Adres
9482,Tynaarlo,,Tynaarlo,Drenthe,0592,53.08333300,6.60000000,Adres
9483,Zeegse,,Tynaarlo,Drenthe,0592,53.06666700,6.65000000,Adres
9484,Oudemolen,,Tynaarlo,Drenthe,0592,53.05000000,6.65000000,Adres
9485,Taarlo,,Tynaarlo,Drenthe,0592,53.03333300,6.61666700,Adres
9486,Rhee,,Assen,Drenthe,0592,53.03333300,6.56666700,Adres
9487,Ter Aard,,Assen,Drenthe,0592,53.03333300,6.55000000,Adres
9488,Zeijerveld,Zeyerveld,Assen,Drenthe,0592,53.03328000,6.51784000,Adres
9489,Zeijerveen,Zeyerveen,Assen,Drenthe,0592,53.01975000,6.51857000,Adres
9491,Zeijen,ZEYEN,Tynaarlo,Drenthe,0592,53.05000000,6.55000000,Adres
9492,Ubbena,,Assen,Drenthe,0592,53.05000000,6.56666700,Adres
9493,De Punt,,Tynaarlo,Drenthe,050,53.11666700,6.58333300,Adres
9494,Yde,,Tynaarlo,Drenthe,050,53.11666700,6.58333300,Adres
9495,Winde,,Tynaarlo,Drenthe,050,53.13333300,6.53333300,Adres
9496,Bunne,,Tynaarlo,Drenthe,050,53.11666700,6.53333300,Adres
9497,Donderen,,Tynaarlo,Drenthe,0592,53.10000000,6.55000000,Adres
9500,Stadskanaal,,Stadskanaal,Groningen,0599,53.00000000,6.91666700,Postbus
9501,Stadskanaal,,Stadskanaal,Groningen,0599,53.00000000,6.91666700,Adres
9502,Stadskanaal,,Stadskanaal,Groningen,0599,53.00000000,6.91666700,Adres
9503,Stadskanaal,,Stadskanaal,Groningen,0599,53.00000000,6.91666700,Adres
9511,Gieterveen,,Aa en Hunze,Drenthe,0599,53.03333300,6.83333300,Adres
9512,Nieuwediep,,Aa en Hunze,Drenthe,0598,53.05000000,6.85000000,Adres
9514,Gasselternijveen,GASSELTERNYVEEN,Aa en Hunze,Drenthe,0599,52.98333300,6.85000000,Adres
9515,Gasselternijveenschemond,GASSELTERNYV MOND,Aa en Hunze,Drenthe,0599,52.98333300,6.93333300,Adres
9521,Nieuw-Buinen,NIEUW BUINEN,Borger-Odoorn,Drenthe,0599,52.95000000,6.93333300,Adres
9523,Drouwenermond,,Borger-Odoorn,Drenthe,0599,52.98333300,6.91666700,Adres
9524,Buinerveen,,Borger-Odoorn,Drenthe,0599,52.93333300,6.88333300,Adres
9525,Drouwenerveen,,Borger-Odoorn,Drenthe,0599,52.96666700,6.85000000,Adres
9526,Bronnegerveen,,Borger-Odoorn,Drenthe,0599,52.95000000,6.83333300,Adres
9527,Bronneger,,Borger-Odoorn,Drenthe,0599,52.95000000,6.81666700,Adres
9528,Buinen,,Borger-Odoorn,Drenthe,0599,52.76666700,6.35000000,Adres
9530,Borger,,Borger-Odoorn,Drenthe,0599,52.91666700,6.80000000,Postbus
9531,Borger,,Borger-Odoorn,Drenthe,0599,52.91666700,6.80000000,Adres
9533,Drouwen,,Borger-Odoorn,Drenthe,0599,52.95000000,6.80000000,Adres
9534,Westdorp,,Borger-Odoorn,Drenthe,0599,52.90000000,6.76666700,Adres
9535,Ellertshaar,,Borger-Odoorn,Drenthe,0599,52.90000000,6.73333300,Adres
9536,Ees,,Borger-Odoorn,Drenthe,0599,52.91666700,6.81666700,Adres
9537,Eesergroen,,Borger-Odoorn,Drenthe,0599,52.88333300,6.78333300,Adres
9540,Vlagtwedde,,Vlagtwedde,Groningen,0599,53.03333300,7.11666700,Postbus
9541,Vlagtwedde,,Vlagtwedde,Groningen,0599,53.03333300,7.11666700,Adres
9545,Bourtange,,Vlagtwedde,Groningen,0599,53.01666700,7.20000000,Adres
9550,Sellingen,,Vlagtwedde,Groningen,0599,52.95000000,7.15000000,Postbus
9551,Sellingen,,Vlagtwedde,Groningen,0599,52.95000000,7.15000000,Adres
9560,Ter Apel,,Vlagtwedde,Groningen,0599,52.88333300,7.06666700,Postbus
9561,Ter Apel,,Vlagtwedde,Groningen,0599,52.88333300,7.06666700,Adres
9563,Ter Apelkanaal,,Vlagtwedde,Groningen,0599,52.90000000,7.05000000,Adres
9564,Zandberg,,Borger-Odoorn,Drenthe,0599,52.91750000,7.04170000,Adres
9566,Veelerveen,,Bellingwedde,Groningen,0597,53.05000000,7.13333300,Adres
9571,Tweede Exloërmond,TWEEDE EXLOERMOND,Borger-Odoorn,Drenthe,0599,52.91666670,6.96666670,Adres
9573,Eerste Exloërmond,EERSTE EXLOERMOND,Borger-Odoorn,Drenthe,0599,52.95000000,6.96666670,Adres
9574,Exloërveen,EXLOERVEEN,Borger-Odoorn,Drenthe,0599,52.90000000,6.90000000,Adres
9580,Musselkanaal,,Stadskanaal,Groningen,0599,52.93333300,7.01666700,Postbus
9581,Musselkanaal,,Stadskanaal,Groningen,0599,52.93333300,7.01666700,Adres
9584,Mussel,,Stadskanaal,Groningen,0599,52.95000000,7.03333300,Adres
9585,Vledderveen,,Stadskanaal,Groningen,0599,52.98750000,7.00690000,Adres
9591,Onstwedde,,Stadskanaal,Groningen,0599,53.03333300,7.05000000,Adres
9600,Hoogezand,,Hoogezand-Sappemeer,Groningen,0598,53.16666700,6.76666700,Postbus
9601,Hoogezand,,Hoogezand-Sappemeer,Groningen,0598,53.16666700,6.76666700,Adres
9602,Hoogezand,,Hoogezand-Sappemeer,Groningen,0598,53.16666700,6.76666700,Adres
9603,Hoogezand,,Hoogezand-Sappemeer,Groningen,0598,53.16666700,6.76666700,Adres
9605,Kiel-Windeweer,KIEL WINDEWEER,Hoogezand-Sappemeer,Groningen,0598,53.12305556,6.77111111,Adres
9606,Kropswolde,,Hoogezand-Sappemeer,Groningen,0598,53.15000000,6.73333300,Adres
9607,Foxhol,,Hoogezand-Sappemeer,Groningen,0598,53.16666700,6.71666700,Adres
9608,Westerbroek,,Hoogezand-Sappemeer,Groningen,050,53.18333300,6.68333300,Adres
9609,Waterhuizen,,Hoogezand-Sappemeer,Groningen,050,53.18333300,6.65000000,Adres
9610,Sappemeer,,Hoogezand-Sappemeer,Groningen,0598,53.16666700,6.80000000,Postbus
9611,Sappemeer,,Hoogezand-Sappemeer,Groningen,0598,53.16666700,6.80000000,Adres
9615,Kolham,,Slochteren,Groningen,0598,53.18333300,6.73333300,Adres
9616,Scharmer,,Slochteren,Groningen,050,53.20000000,6.70000000,Adres
9617,Harkstede,,Slochteren,Groningen,050,53.21666700,6.70000000,Adres + Postbus
9618,Woudbloem,,Slochteren,Groningen,0598,53.21666700,6.75000000,Adres
9619,Froombosch,,Slochteren,Groningen,0598,53.20000000,6.78333300,Adres
9620,Slochteren,,Slochteren,Groningen,0598,53.21666700,6.80000000,Postbus
9621,Slochteren,,Slochteren,Groningen,0598,53.21666700,6.80000000,Adres
9623,Lageland,,Slochteren,Groningen,0598,53.23333300,6.71666700,Adres
9624,Luddeweer,,Slochteren,Groningen,050,53.25000000,6.75000000,Adres
9625,Overschild,,Slochteren,Groningen,0596,53.28333300,6.78333300,Adres
9626,Schildwolde,,Slochteren,Groningen,0598,53.23333300,6.81666700,Adres
9627,Hellum,,Slochteren,Groningen,0598,53.23333300,6.85000000,Adres
9628,Siddeburen,,Slochteren,Groningen,0598,53.25000000,6.86666700,Adres
9629,Steendam,,Slochteren,Groningen,0598,53.26666700,6.85000000,Adres
9631,Borgercompagnie,,Menterwolde,Groningen,0598,53.11361111,6.82027778,Adres
9632,Borgercompagnie,,Menterwolde,Groningen,0598,53.11361111,6.82027778,Adres
9633,Tripscompagnie,,Menterwolde,Groningen,0598,53.13333300,6.83333300,Adres
9635,Noordbroek,,Menterwolde,Groningen,0598,53.20000000,6.86666700,Adres + Postbus
9636,Zuidbroek,,Menterwolde,Groningen,0598,53.16250000,6.86055600,Adres + Postbus
9640,Veendam,,Veendam,Groningen,0598,53.10000000,6.88333300,Postbus
9641,Veendam,,Veendam,Groningen,0598,53.10000000,6.88333300,Adres
9642,Veendam,,Veendam,Groningen,0598,53.10000000,6.88333300,Adres
9644,Veendam,,Veendam,Groningen,0598,53.10000000,6.88333300,Adres
9645,Veendam,,Veendam,Groningen,0598,53.10000000,6.88333300,Adres
9646,Veendam,,Veendam,Groningen,0598,53.10000000,6.88333300,Adres
9648,Wildervank,,Veendam,Groningen,0598,53.08333300,6.86666700,Adres
9649,Muntendam,,Menterwolde,Groningen,0598,53.13333300,6.86666700,Adres + Postbus
9651,Meeden,,Menterwolde,Groningen,0598,53.13333300,6.93333300,Adres
9654,Annerveenschekanaal,ANNERVEENSCHE KAN,Aa en Hunze,Drenthe,0598,53.08333300,6.80000000,Adres
9655,Oud-Annerveen,OUD ANNERVEEN,Aa en Hunze,Drenthe,0598,53.08333300,6.76666700,Adres
9656,Spijkerboor,,Aa en Hunze,Drenthe,0598,53.08333300,6.76666700,Adres
9657,Nieuw-Annerveen,NIEUW ANNERVEEN,Aa en Hunze,Drenthe,0598,53.06666670,6.78333330,Adres
9658,Eexterveen,,Aa en Hunze,Drenthe,0598,53.05000000,6.80000000,Adres
9659,Eexterveensche kanaal,EEXTERVEENSCHE KAN,Aa en Hunze,Drenthe,0598,53.05000000,6.83333330,Adres
9661,Alteveer,Alteveer Gr,Stadskanaal,Groningen,0599,53.11666700,6.43333300,Adres
9662,Alteveer,Alteveer Gr,Stadskanaal,Groningen,0599,53.11666700,6.43333300,Onbekend
9663,Nieuwe Pekela,,Pekela,Groningen,0597,53.08333300,6.98333300,Adres + Postbus
9665,Oude Pekela,,Pekela,Groningen,0597,53.10000000,7.01666700,Adres + Postbus
9670,Winschoten,,Oldambt,Groningen,0597,53.15000000,7.03333300,Postbus
9671,Winschoten,,Oldambt,Groningen,0597,53.15000000,7.03333300,Adres
9672,Winschoten,,Oldambt,Groningen,0597,53.15000000,7.03333300,Adres
9673,Winschoten,,Oldambt,Groningen,0597,53.15000000,7.03333300,Adres
9674,Winschoten,,Oldambt,Groningen,0597,53.15000000,7.03333300,Adres
9675,Winschoten,,Oldambt,Groningen,0597,53.15000000,7.03333300,Adres
9677,Heiligerlee,,Oldambt,Groningen,0597,53.15000000,7.01666700,Adres + Postbus
9678,Westerlee,,Oldambt,Groningen,0597,53.14580000,6.98750000,Adres
9679,Scheemda,,Oldambt,Groningen,0597,53.16666700,6.96666700,Adres + Postbus
9681,Midwolda,,Oldambt,Groningen,0597,53.20000000,7.00000000,Adres
9682,Oostwold,,Oldambt,Groningen,0597,53.20250000,7.04580000,Adres
9684,Finsterwolde,,Oldambt,Groningen,0597,53.20000000,7.08333300,Adres
9685,Blauwestad,,Oldambt,Groningen,0075,53.16749700,7.03777300,Adres
9686,Beerta,,Oldambt,Groningen,0597,53.18333300,7.10000000,Adres + Postbus
9687,Nieuw-Beerta,NIEUW BEERTA,Oldambt,Groningen,0597,53.18333300,7.16666700,Adres
9688,Drieborg,,Oldambt,Groningen,0597,53.20000000,7.18333300,Adres
9691,Oudezijl,OUDEZYL,Oldambt,Groningen,0597,53.18333300,7.20000000,Adres
9693,Bad Nieuweschans,,Oldambt,Groningen,0597,53.18333300,7.20000000,Adres
9695,Bellingwolde,,Bellingwedde,Groningen,0597,53.11666700,7.16666700,Adres
9696,Oudeschans,,Bellingwedde,Groningen,0597,53.13333300,7.15000000,Adres
9697,Blijham,BLYHAM,Bellingwedde,Groningen,0597,53.11666700,7.08333300,Adres
9698,Wedde,,Bellingwedde,Groningen,0597,53.06666700,7.08333300,Adres
9699,Vriescheloo,,Bellingwedde,Groningen,0597,53.06666700,7.11666700,Adres
9700,Groningen,,Groningen,Groningen,050,53.21666700,6.55000000,Postbus
9701,Groningen,,Groningen,Groningen,050,53.21666700,6.55000000,Postbus
9702,Groningen,,Groningen,Groningen,050,53.21666700,6.55000000,Postbus
9703,Groningen,,Groningen,Groningen,050,53.21666700,6.55000000,Postbus
9704,Groningen,,Groningen,Groningen,050,53.21666700,6.55000000,Postbus
9711,Groningen,,Groningen,Groningen,050,53.21666700,6.55000000,Adres
9712,Groningen,,Groningen,Groningen,050,53.21666700,6.55000000,Adres
9713,Groningen,,Groningen,Groningen,050,53.21666700,6.55000000,Adres
9714,Groningen,,Groningen,Groningen,050,53.21666700,6.55000000,Adres
9715,Groningen,,Groningen,Groningen,050,53.21666700,6.55000000,Adres
9716,Groningen,,Groningen,Groningen,050,53.21666700,6.55000000,Adres
9717,Groningen,,Groningen,Groningen,050,53.21666700,6.55000000,Adres
9718,Groningen,,Groningen,Groningen,050,53.21666700,6.55000000,Adres
9721,Groningen,,Groningen,Groningen,050,53.21666700,6.55000000,Adres
9722,Groningen,,Groningen,Groningen,050,53.21666700,6.55000000,Adres
9723,Groningen,,Groningen,Groningen,050,53.21666700,6.55000000,Adres
9724,Groningen,,Groningen,Groningen,050,53.21666700,6.55000000,Adres
9725,Groningen,,Groningen,Groningen,050,53.21666700,6.55000000,Adres
9726,Groningen,,Groningen,Groningen,050,53.21666700,6.55000000,Adres
9727,Groningen,,Groningen,Groningen,050,53.21666700,6.55000000,Adres
9728,Groningen,,Groningen,Groningen,050,53.21666700,6.55000000,Adres
9731,Groningen,,Groningen,Groningen,050,53.21666700,6.55000000,Adres
9732,Groningen,,Groningen,Groningen,050,53.21666700,6.55000000,Adres
9733,Groningen,,Groningen,Groningen,050,53.21666700,6.55000000,Adres
9734,Groningen,,Groningen,Groningen,050,53.21666700,6.55000000,Adres
9735,Groningen,,Groningen,Groningen,050,53.21666700,6.55000000,Adres
9736,Groningen,,Groningen,Groningen,050,53.21666700,6.55000000,Adres
9737,Groningen,,Groningen,Groningen,050,53.21666700,6.55000000,Adres
9738,Groningen,,Groningen,Groningen,050,53.21666700,6.55000000,Adres
9741,Groningen,,Groningen,Groningen,050,53.23320100,6.55635000,Adres
9742,Groningen,,Groningen,Groningen,050,53.21666700,6.55000000,Adres
9743,Groningen,,Groningen,Groningen,050,53.21666700,6.55000000,Adres
9744,Groningen,,Groningen,Groningen,050,53.21666700,6.55000000,Adres
9745,Groningen,,Groningen,Groningen,050,53.21666700,6.55000000,Adres
9746,Groningen,,Groningen,Groningen,050,53.21666700,6.55000000,Adres
9747,Groningen,,Groningen,Groningen,050,53.21666700,6.55000000,Adres
9749,Matsloot,,Noordenveld,Drenthe,050,53.25000000,6.31666700,Adres
9750,Haren,Haren Gn;Haren Gr,Haren,Groningen,050,53.17348000,6.60359000,Postbus
9751,Haren,Haren Gn;Haren Gr,Haren,Groningen,050,53.17348000,6.60359000,Adres
9752,Haren,Haren Gn;Haren Gr,Haren,Groningen,050,53.17348000,6.60359000,Adres
9753,Haren,Haren Gn;Haren Gr,Haren,Groningen,050,53.17348000,6.60359000,Adres
9755,Onnen,,Haren,Groningen,050,53.15000000,6.65000000,Adres
9756,Glimmen,,Haren,Groningen,050,53.13333300,6.63333300,Adres
9761,Eelde,,Tynaarlo,Drenthe,050,53.13333300,6.56666700,Adres
9765,Paterswolde,,Tynaarlo,Drenthe,050,53.07222000,6.70327000,Adres + Postbus
9766,Eelderwolde,,Tynaarlo,Drenthe,050,53.18333300,6.55000000,Adres
9771,Sauwerd,,Winsum,Groningen,050,53.30000000,6.53333300,Adres
9773,Wetsinge,,Winsum,Groningen,050,53.30000000,6.53333300,Adres
9774,Adorp,,Winsum,Groningen,050,53.26666700,6.53333300,Adres
9780,Bedum,,Bedum,Groningen,050,53.30000000,6.60000000,Postbus
9781,Bedum,,Bedum,Groningen,050,53.30000000,6.60000000,Adres
9784,Noordwolde,,Bedum,Groningen,050,52.90000000,6.15000000,Adres
9785,Zuidwolde,,Bedum,Groningen,050,53.26250000,6.59170000,Adres
9790,Glas,,Glas,Groningen,050,53.28333300,6.68333300,Postbus
9791,Glas,,Glas,Groningen,050,53.28333300,6.68333300,Adres
9792,Ten Post,,Glas,Groningen,050,53.30000000,6.73333300,Adres
9793,Winneweer,,Glas,Groningen,050,53.30972222,6.74722222,Adres
9794,Lellens,,Glas,Groningen,050,53.30000000,6.73333300,Adres
9795,Woltersum,,Glas,Groningen,050,53.26666700,6.73333300,Adres
9796,Sint Annen,ST ANNEN,Glas,Groningen,050,53.30000000,6.66666700,Adres
9797,Thesinge,,Glas,Groningen,050,53.26666700,6.65000000,Adres
9798,Garmerwolde,,Glas,Groningen,050,53.25000000,6.65000000,Adres
9800,Zuidhorn,,Zuidhorn,Groningen,0594,53.25000000,6.40000000,Postbus
9801,Zuidhorn,,Zuidhorn,Groningen,0594,53.25000000,6.40000000,Adres
9804,Noordhorn,,Zuidhorn,Groningen,0594,53.26666700,6.40000000,Adres
9805,Briltil,,Zuidhorn,Groningen,0594,53.25000000,6.38333300,Adres
9811,Enumatil,,Leek,Groningen,0594,53.21666700,6.41666700,Adres
9812,Enumatil,,Leek,Groningen,0594,53.21666700,6.41666700,Adres
9821,Oldekerk,,Grootegast,Groningen,0594,53.21666700,6.33333300,Adres
9822,Niekerk,Niekerk De Marne,De Marne,Groningen,0595,53.23333300,6.35000000,Adres + Postbus
9824,Noordwijk,NOORDWYK,Marum,Groningen,0594,53.22800000,6.48530000,Adres
9825,Lucaswolde,,Marum,Groningen,0594,53.18333300,6.30000000,Adres
9827,Lettelbert,,Leek,Groningen,0594,53.18333300,6.40000000,Adres
9828,Oostwold,,Oldambt,Groningen,0597,53.20250000,7.04580000,Adres
9831,Aduard,,Zuidhorn,Groningen,050,53.25000000,6.46666700,Adres
9832,Den Horn,,Zuidhorn,Groningen,050,53.23333300,6.45000000,Adres
9833,Den Ham,,Zuidhorn,Groningen,050,53.24690000,6.45460000,Adres
9841,Niezijl,NIEZYL,Zuidhorn,Groningen,0594,53.26666700,6.35000000,Adres
9842,Niezijl,NIEZYL,Zuidhorn,Groningen,0594,53.26666700,6.35000000,Adres
9843,Grijpskerk,GRYPSKERK,Zuidhorn,Groningen,0594,53.26666700,6.30000000,Adres + Postbus
9844,Pieterzijl,PIETERZYL,Zuidhorn,Groningen,0594,53.28333300,6.26666700,Adres
9845,Visvliet,,Zuidhorn,Groningen,0594,53.26666700,6.25000000,Adres
9851,Burum,,Kollumerland en Nieuwkruisland,Friesland,0594,53.26666700,6.23333300,Adres
9852,Warfstermolen,,Kollumerland en Nieuwkruisland,Friesland,0594,53.30000000,6.23333300,Adres
9853,Munnekezijl,MUNNEKEZYL,Kollumerland en Nieuwkruisland,Friesland,0594,53.30000000,6.26666700,Adres
9860,Grootegast,,Grootegast,Groningen,0594,53.21666700,6.28333300,Postbus
9861,Grootegast,,Grootegast,Groningen,0594,53.21666700,6.28333300,Adres
9862,Sebaldeburen,,Grootegast,Groningen,0594,53.21666700,6.30000000,Adres
9863,Doezum,,Grootegast,Groningen,0594,53.20000000,6.25000000,Adres
9864,Kornhorn,,Grootegast,Groningen,0594,53.18333300,6.25000000,Adres
9865,Opende,,Grootegast,Groningen,0594,53.13333300,6.06666700,Adres
9866,Lutjegast,,Grootegast,Groningen,0594,53.23333300,6.26666700,Adres
9871,Stroobos,,Achtkarspelen,Friesland,0512,53.23333300,6.21666700,Adres
9872,Stroobos,,Achtkarspelen,Friesland,0512,53.23333300,6.21666700,Adres
9873,Gerkesklooster,,Achtkarspelen,Friesland,0512,53.23333300,6.20000000,Adres
9881,Kommerzijl,KOMMERZYL,Zuidhorn,Groningen,0594,53.28333300,6.33333300,Adres
9882,Kommerzijl,KOMMERZYL,Zuidhorn,Groningen,0594,53.28333300,6.33333300,Adres
9883,Oldehove,,Zuidhorn,Groningen,0594,53.30000000,6.40000000,Adres
9884,Niehove,,Zuidhorn,Groningen,0594,53.28333300,6.36666700,Adres
9885,Lauwerzijl,LAUWERZYL,Zuidhorn,Groningen,0594,53.31666700,6.30000000,Adres
9886,Saaksum,,Zuidhorn,Groningen,0594,53.31666700,6.41666700,Adres
9891,Ezinge,,Winsum,Groningen,0594,53.31666700,6.45000000,Adres
9892,Feerwerd,,Winsum,Groningen,0594,53.30000000,6.46666700,Adres
9893,Garnwerd,,Winsum,Groningen,0594,53.30000000,6.50000000,Adres
9900,Appingedam,,Appingedam,Groningen,0596,53.31666700,6.86666700,Postbus
9901,Appingedam,,Appingedam,Groningen,0596,53.31666700,6.86666700,Adres
9902,Appingedam,,Appingedam,Groningen,0596,53.31514000,6.86676000,Adres
9903,Appingedam,,Appingedam,Groningen,0596,53.31666700,6.86666700,Adres
9904,Krewerd,,Delfzijl,Groningen,0596,53.35000000,6.85000000,Adres
9905,Holwierde,,Delfzijl,Groningen,0596,53.35000000,6.88333300,Adres
9906,Bierum,,Delfzijl,Groningen,0596,53.38333300,6.86666700,Adres
9907,Losdorp,,Delfzijl,Groningen,0596,53.36666700,6.83333300,Adres
9908,Godlinze,,Delfzijl,Groningen,0596,53.36666700,6.81666700,Adres
9909,Spijk,Spijk (Delfzijl);Spijk Gr;Spijk Gn,Delfzijl,Groningen,0596,51.85000000,5.01666700,Adres
9911,Oosterwijtwerd,OOSTERWYTWERD,Loppersum,Groningen,0596,53.33333300,6.81666700,Adres
9912,Leermens,,Loppersum,Groningen,0596,53.35000000,6.80000000,Adres
9913,Eenum,,Loppersum,Groningen,0596,53.33333300,6.78333300,Adres
9914,Zeerijp,,Loppersum,Groningen,0596,53.34920000,6.76110000,Adres
9915,'t Zandt,T ZANDT,Loppersum,Groningen,0596,53.36583333,6.77444444,Adres
9917,Wirdum,,Loppersum,Groningen,0596,53.31666700,6.78333300,Adres
9918,Garrelsweer,,Loppersum,Groningen,0596,53.30000000,6.78333300,Adres
9919,Loppersum,,Loppersum,Groningen,0596,53.33333300,6.75000000,Adres + Postbus
9921,Stedum,,Loppersum,Groningen,0596,53.31666700,6.70000000,Adres
9922,Westeremden,,Loppersum,Groningen,0596,53.35000000,6.71666700,Adres
9923,Garsthuizen,,Loppersum,Groningen,0595,53.36666700,6.71666700,Adres
9924,Startenhuizen,,Eemsmond,Groningen,0595,53.38333300,6.70000000,Adres
9925,Startenhuizen,,Eemsmond,Groningen,0595,53.38333300,6.70000000,Adres
9930,Delfzijl,DELFZYL,Delfzijl,Groningen,0596,53.33333300,6.91666700,Postbus
9931,Delfzijl,DELFZYL,Delfzijl,Groningen,0596,53.33333300,6.91666700,Adres
9932,Delfzijl,DELFZYL,Delfzijl,Groningen,0596,53.33333300,6.91666700,Adres
9933,Delfzijl,DELFZYL,Delfzijl,Groningen,0596,53.33333300,6.91666700,Adres
9934,Delfzijl,DELFZYL,Delfzijl,Groningen,0596,53.33333300,6.91666700,Adres
9936,Farmsum,,Delfzijl,Groningen,0596,53.31666700,6.93333300,Adres
9937,Meedhuizen,,Delfzijl,Groningen,0596,53.28333300,6.91666700,Adres
9939,Tjuchem,,Slochteren,Groningen,0596,53.28333300,6.88333300,Adres
9942,'t Waar,T WAAR,Oldambt,Groningen,0598,53.22527778,6.95194444,Adres
9943,Nieuw-Scheemda,NIEUW SCHEEMDA,Oldambt,Groningen,0598,53.21666700,6.95000000,Adres
9944,Nieuwolda,,Oldambt,Groningen,0596,53.25000000,6.98333300,Adres
9945,Wagenborgen,,Delfzijl,Groningen,0596,53.25000000,6.93333300,Adres
9946,Woldendorp,,Delfzijl,Groningen,0596,53.26666700,7.03333300,Adres
9947,Termunten,,Delfzijl,Groningen,0596,53.30000000,7.05000000,Adres
9948,Termunterzijl,TERMUNTERZYL,Delfzijl,Groningen,0596,53.30000000,7.03333300,Adres
9949,Borgsweer,,Delfzijl,Groningen,0596,53.30000000,7.01666700,Adres
9950,Winsum,,Winsum,Groningen,0595,53.33333300,6.51666700,Postbus
9951,Winsum,,Winsum,Groningen,0595,53.33333300,6.51666700,Adres
9953,Baflo,,Winsum,Groningen,0595,53.36666700,6.51666700,Adres
9954,Tinallinge,,Winsum,Groningen,0595,53.35000000,6.53333300,Adres
9955,Rasquert,,Winsum,Groningen,0595,53.36666700,6.51666700,Adres
9956,Den Andel,,Winsum,Groningen,0595,53.38333300,6.51666700,Adres
9957,Saaxumhuizen,,Winsum,Groningen,0595,53.38333300,6.48333300,Adres
9959,Onderdendam,,Bedum,Groningen,050,53.33333300,6.60000000,Adres
9961,Mensingeweer,,De Marne,Groningen,0595,53.35000000,6.46666700,Adres
9962,Schouwerzijl,SCHOUWERZYL,De Marne,Groningen,0595,53.33333300,6.45000000,Adres
9963,Warfhuizen,,De Marne,Groningen,0595,53.35000000,6.43333300,Adres
9964,Wehe-Den Hoorn,WEHE DEN HOORN,De Marne,Groningen,0595,53.36666700,6.41666700,Adres
9965,Leens,,De Marne,Groningen,0595,53.36666700,6.38333300,Adres + Postbus
9966,Zuurdijk,ZUURDYK,De Marne,Groningen,0595,53.33333300,6.38333300,Adres
9967,Eenrum,,De Marne,Groningen,0595,53.36666700,6.46666700,Adres
9968,Pieterburen,,De Marne,Groningen,0595,53.40000000,6.45000000,Adres
9969,Westernieland,,De Marne,Groningen,0595,53.40000000,6.48333300,Adres
9970,Ulrum,,De Marne,Groningen,0595,53.36666700,6.33333300,Postbus
9971,Ulrum,,De Marne,Groningen,0595,53.36666700,6.33333300,Adres
9972,Niekerk,Niekerk De Marne,De Marne,Groningen,0595,53.23333300,6.35000000,Adres
9973,Houwerzijl,HOUWERZYL,De Marne,Groningen,0595,53.33333300,6.35000000,Adres
9974,Zoutkamp,,De Marne,Groningen,0595,53.33333300,6.30000000,Adres + Postbus
9975,Vierhuizen,,De Marne,Groningen,0595,53.40000000,6.86666700,Adres
9976,Lauwersoog,,De Marne,Groningen,0519,53.41666700,6.20000000,Adres
9977,Kloosterburen,,De Marne,Groningen,0595,53.15000000,5.98333300,Adres
9978,Hornhuizen,,De Marne,Groningen,0595,53.38333300,6.36666700,Adres
9979,Eemshaven,,Eemsmond,Groningen,0596,53.44833333,6.83111111,Adres
9980,Uithuizen,,Eemsmond,Groningen,0595,53.41666700,6.66666700,Postbus
9981,Uithuizen,,Eemsmond,Groningen,0595,53.41666700,6.66666700,Adres
9982,Uithuizermeeden,,Eemsmond,Groningen,0595,53.41666700,6.73333300,Adres
9983,Roodeschool,,Eemsmond,Groningen,0595,53.41666700,6.76666700,Adres + Postbus
9984,Oudeschip,,Eemsmond,Groningen,0596,53.43333300,6.83333300,Adres
9985,Oosternieland,,Eemsmond,Groningen,0595,53.40000000,6.75000000,Adres
9986,Oldenzijl,OLDENZYL,Eemsmond,Groningen,0595,53.40000000,6.71666700,Adres
9987,Zijldijk,,Loppersum,Groningen,0596,53.40000000,6.76666700,Adres
9988,Usquert,,Eemsmond,Groningen,0595,53.40000000,6.61666700,Adres
9989,Warffum,,Eemsmond,Groningen,0595,53.40000000,6.56666700,Adres + Postbus
9990,Middelstum,,Loppersum,Groningen,0595,53.35000000,6.65000000,Postbus
9991,Middelstum,,Loppersum,Groningen,0595,53.35000000,6.65000000,Adres
9992,Huizinge,,Loppersum,Groningen,0595,53.35000000,6.68333300,Adres
9993,Westerwijtwerd,WESTERWYTWERD,Loppersum,Groningen,0595,53.33333300,6.65000000,Adres
9994,Toornwerd,,Loppersum,Groningen,0595,53.35000000,6.63333300,Adres
9995,Kantens,,Eemsmond,Groningen,0595,53.36666700,6.63333300,Adres
9996,Eppenhuizen,,Eemsmond,Groningen,0595,53.38333300,6.70000000,Adres
9997,Zandeweer,,Eemsmond,Groningen,0595,53.38333300,6.68333300,Adres
9998,Rottum,,Eemsmond,Groningen,0595,53.38333300,6.61666700,Adres
9999,Stitswerd,,Eemsmond,Groningen,0595,53.36666700,6.60000000,Adres